0.01
3.95
7.89
11.8
15.8
19.7
23.6
27.6
31.5
35.4
39.4
43.3
47.3
51.2
55.1
59.1
63
66.9
70.9
74.8
78.8
82.7
86.6
90.6
94.5
98.4
102
106
110
114
118
122
126
130
134
138
142
146
150
154
158
161
165
169
173
177
181
185
189
193
197
201
205
209
213
217
221
224
228
232
236
240
244
248
252
256
260
264
268
272
276
280
284
287
291
295
299
303
307
311
315
319
323
327
331
335
339
343
347
350
354
358
362
366
370
374
378
382
386
390
394
398
402
406
410
413
417
421
425
429
433
437
441
445
449
453
457
461
465
469
473
476
480
484
488
492
496
500
