0.01
0.05
0.09
0.14
0.18
0.22
0.26
0.3
0.34
0.39
0.43
0.47
0.51
0.55
0.59
0.64
0.68
0.72
0.76
0.8
0.84
0.89
0.93
0.97
1.01
1.05
1.09
1.14
1.18
1.22
1.26
1.3
1.34
1.39
1.43
1.47
1.51
1.55
1.59
1.64
1.68
1.72
1.76
1.8
1.84
1.89
1.93
1.97
2.01
2.05
2.09
2.14
2.18
2.22
2.26
2.3
2.34
2.39
2.43
2.47
2.51
2.55
2.59
2.64
2.68
2.72
2.76
2.8
2.84
2.89
2.93
2.97
3.01
3.05
3.09
3.14
3.18
3.22
3.26
3.3
3.34
3.39
3.43
3.47
3.51
3.55
3.59
3.64
3.68
3.72
3.76
3.8
3.84
3.89
3.93
3.97
4.01
4.05
4.09
4.14
4.18
4.22
4.26
4.3
4.34
4.39
4.43
4.47
4.51
4.55
4.59
4.64
4.68
4.72
4.76
4.8
4.84
4.89
4.93
4.97
5.01
5.05
5.09
5.14
5.18
5.22
5.26
5.3
