;@ ins k k
;@ outs k

opcode shpExp, 0, kkkkkkk
klev,kMod,kOn,kShape, kin,kmod,ko xin
k1 zkr kin
kM zkr kmod   ;TODO modulation

ix2[][] init 128,4
ix2 fillarray 0,0,0,0,-0.0000045511,0.007904,-0.007921,0.000021499,-0.0000091022,0.015808,-0.015842,0.000042998,-0.0000136533,0.023712,-0.023763,0.000064497,-0.0000182044,0.031616,-0.031684,0.000085996,-0.0000227555,0.03952,-0.039605,0.000107495,-0.0000273066,0.047424,-0.047526,0.000128994,-0.0000318577,0.055328,-0.055447,0.000150493,-0.0000364088,0.063232,-0.063368,0.000171992,-0.0000409599,0.071136,-0.071289,0.000193491,-0.000045511,0.07904,-0.07921,0.00021499,-0.0000500621,0.086944,-0.087131,0.000236489,-0.0000546132,0.094848,-0.095052,0.000257988,-0.0000591643,0.102752,-0.102973,0.000279487,-0.0000637154,0.110656,-0.110894,0.000300986,-0.0000682665,0.11856,-0.118815,0.000322485,-0.0000728176,0.126464,-0.126736,0.000343984,-0.0000773687,0.134368,-0.134657,0.000365483,-0.0000819198,0.142272,-0.142578,0.000386982,-0.0000864709,0.150176,-0.150499,0.000408481,-0.000091022,0.15808,-0.15842,0.00042998,-0.0000955731,0.165984,-0.166341,0.000451479,-0.0001001242,0.173888,-0.174262,0.000472978,-0.0001046753,0.181792,-0.182183,0.000494477,-0.0001092264,0.189696,-0.190104,0.000515976,-0.0001137775,0.1976,-0.198025,0.000537475,-0.0001183286,0.205504,-0.205946,0.000558974,-0.0001228797,0.213408,-0.213867,0.000580473,-0.0001274308,0.221312,-0.221788,0.000601972,-0.0001319819,0.229216,-0.229709,0.000623471,-0.000136533,0.23712,-0.23763,0.00064497,-0.0001410841,0.245024,-0.245551,0.000666469,-0.0001456352,0.252928,-0.253472,0.000687968,-0.0001501863,0.260832,-0.261393,0.000709467,-0.0001547374,0.268736,-0.269314,0.000730966,-0.0001592885,0.27664,-0.277235,0.000752465,-0.0001638396,0.284544,-0.285156,0.000773964,-0.0001683907,0.292448,-0.293077,0.000795463,-0.0001729418,0.300352,-0.300998,0.000816962,-0.0001774929,0.308256,-0.308919,0.000838461,-0.000182044,0.31616,-0.31684,0.00085996,-0.0001865951,0.324064,-0.324761,0.000881459,-0.0001911462,0.331968,-0.332682,0.000902958,-0.0001956973,0.339872,-0.340603,0.000924457,-0.0002002484,0.347776,-0.348524,0.000945956,-0.0002047995,0.35568,-0.356445,0.000967455,-0.0002093506,0.363584,-0.364366,0.000988954,-0.0002139017,0.371488,-0.372287,0.001010453,-0.0002184528,0.379392,-0.380208,0.001031952,-0.0002230039,0.387296,-0.388129,0.001053451,-0.000227555,0.3952,-0.39605,0.00107495,-0.0002321061,0.403104,-0.403971,0.001096449,-0.0002366572,0.411008,-0.411892,0.001117948,-0.0002412083,0.418912,-0.419813,0.001139447,-0.0002457594,0.426816,-0.427734,0.001160946,-0.0002503105,0.43472,-0.435655,0.001182445,-0.0002548616,0.442624,-0.443576,0.001203944,-0.0002594127,0.450528,-0.451497,0.001225443,-0.0002639638,0.458432,-0.459418,0.001246942,-0.0002685149,0.466336,-0.467339,0.001268441,-0.000273066,0.47424,-0.47526,0.00128994,-0.0002776171,0.482144,-0.483181,0.001311439,-0.0002821682,0.490048,-0.491102,0.001332938,-0.0002867193,0.497952,-0.499023,0.001354437,-0.0002912704,0.505856,-0.506944,0.001375936,-0.0002958215,0.51376,-0.514865,0.001397435,-0.0003003726,0.521664,-0.522786,0.001418934,-0.0003049237,0.529568,-0.530707,0.001440433,-0.0003094748,0.537472,-0.538628,0.001461932,-0.0003140259,0.545376,-0.546549,0.001483431,-0.000318577,0.55328,-0.55447,0.00150493,-0.0003231281,0.561184,-0.562391,0.001526429,-0.0003276792,0.569088,-0.570312,0.001547928,-0.0003322303,0.576992,-0.578233,0.001569427,-0.0003367814,0.584896,-0.586154,0.001590926,-0.0003413325,0.5928,-0.594075,0.001612425,-0.0003458836,0.600704,-0.601996,0.001633924,-0.0003504347,0.608608,-0.609917,0.001655423,-0.0003549858,0.616512,-0.617838,0.001676922,-0.0003595369,0.624416,-0.625759,0.001698421,-0.000364088,0.63232,-0.63368,0.00171992,-0.0003686391,0.640224,-0.641601,0.001741419,-0.0003731902,0.648128,-0.649522,0.001762918,-0.0003777413,0.656032,-0.657443,0.001784417,-0.0003822924,0.663936,-0.665364,0.001805916,-0.0003868435,0.67184,-0.673285,0.001827415,-0.0003913946,0.679744,-0.681206,0.001848914,-0.0003959457,0.687648,-0.689127,0.001870413,-0.0004004968,0.695552,-0.697048,0.001891912,-0.0004050479,0.703456,-0.704969,0.001913411,-0.000409599,0.71136,-0.71289,0.00193491,-0.0004141501,0.719264,-0.720811,0.001956409,-0.0004187012,0.727168,-0.728732,0.001977908,-0.0004232523,0.735072,-0.736653,0.001999407,-0.0004278034,0.742976,-0.744574,0.002020906,-0.0004323545,0.75088,-0.752495,0.002042405,-0.0004369056,0.758784,-0.760416,0.002063904,-0.0004414567,0.766688,-0.768337,0.002085403,-0.0004460078,0.774592,-0.776258,0.002106902,-0.0004505589,0.782496,-0.784179,0.002128401,-0.00045511,0.7904,-0.7921,0.0021499,-0.0004596611,0.798304,-0.800021,0.002171399,-0.0004642122,0.806208,-0.807942,0.002192898,-0.0004687633,0.814112,-0.815863,0.002214397,-0.0004733144,0.822016,-0.823784,0.002235896,-0.0004778655,0.82992,-0.831705,0.002257395,-0.0004824166,0.837824,-0.839626,0.002278894,-0.0004869677,0.845728,-0.847547,0.002300393,-0.0004915188,0.853632,-0.855468,0.002321892,-0.0004960699,0.861536,-0.863389,0.002343391,-0.000500621,0.86944,-0.87131,0.00236489,-0.0005051721,0.877344,-0.879231,0.002386389,-0.0005097232,0.885248,-0.887152,0.002407888,-0.0005142743,0.893152,-0.895073,0.002429387,-0.0005188254,0.901056,-0.902994,0.002450886,-0.0005233765,0.90896,-0.910915,0.002472385,-0.0005279276,0.916864,-0.918836,0.002493884,-0.0005324787,0.924768,-0.926757,0.002515383,-0.0005370298,0.932672,-0.934678,0.002536882,-0.0005415809,0.940576,-0.942599,0.002558381,-0.000546132,0.94848,-0.95052,0.00257988,-0.0005506831,0.956384,-0.958441,0.002601379,-0.0005552342,0.964288,-0.966362,0.002622878,-0.0005597853,0.972192,-0.974283,0.002644377,-0.0005643364,0.980096,-0.982204,0.002665876,-0.0005688875,0.988,-0.990125,0.002687375,-0.0005734386,0.995904,-0.998046,0.002708874,-0.0005779897,1.003808,-1.005967,0.0027303730

ix3[][] init 128,4
ix2 fillarray 0,0,0,0,-0.0000079793,0.00021,0.0073733,-0.0075753,-0.0000159586,0.00042,0.0147466,-0.0151506,-0.0000239379,0.00063,0.0221199,-0.0227259,-0.0000319172,0.00084,0.0294932,-0.0303012,-0.0000398965,0.00105,0.0368665,-0.0378765,-0.0000478758,0.00126,0.0442398,-0.0454518,-0.0000558551,0.00147,0.0516131,-0.0530271,-0.0000638344,0.00168,0.0589864,-0.0606024,-0.0000718137,0.00189,0.0663597,-0.0681777,-0.000079793,0.0021,0.073733,-0.075753,-0.0000877723,0.00231,0.0811063,-0.0833283,-0.0000957516,0.00252,0.0884796,-0.0909036,-0.0001037309,0.00273,0.0958529,-0.0984789,-0.0001117102,0.00294,0.1032262,-0.1060542,-0.0001196895,0.00315,0.1105995,-0.1136295,-0.0001276688,0.00336,0.1179728,-0.1212048,-0.0001356481,0.00357,0.1253461,-0.1287801,-0.0001436274,0.00378,0.1327194,-0.1363554,-0.0001516067,0.00399,0.1400927,-0.1439307,-0.000159586,0.0042,0.147466,-0.151506,-0.0001675653,0.00441,0.1548393,-0.1590813,-0.0001755446,0.00462,0.1622126,-0.1666566,-0.0001835239,0.00483,0.1695859,-0.1742319,-0.0001915032,0.00504,0.1769592,-0.1818072,-0.0001994825,0.00525,0.1843325,-0.1893825,-0.0002074618,0.00546,0.1917058,-0.1969578,-0.0002154411,0.00567,0.1990791,-0.2045331,-0.0002234204,0.00588,0.2064524,-0.2121084,-0.0002313997,0.00609,0.2138257,-0.2196837,-0.000239379,0.0063,0.221199,-0.227259,-0.0002473583,0.00651,0.2285723,-0.2348343,-0.0002553376,0.00672,0.2359456,-0.2424096,-0.0002633169,0.00693,0.2433189,-0.2499849,-0.0002712962,0.00714,0.2506922,-0.2575602,-0.0002792755,0.00735,0.2580655,-0.2651355,-0.0002872548,0.00756,0.2654388,-0.2727108,-0.0002952341,0.00777,0.2728121,-0.2802861,-0.0003032134,0.00798,0.2801854,-0.2878614,-0.0003111927,0.00819,0.2875587,-0.2954367,-0.000319172,0.0084,0.294932,-0.303012,-0.0003271513,0.00861,0.3023053,-0.3105873,-0.0003351306,0.00882,0.3096786,-0.3181626,-0.0003431099,0.00903,0.3170519,-0.3257379,-0.0003510892,0.00924,0.3244252,-0.3333132,-0.0003590685,0.00945,0.3317985,-0.3408885,-0.0003670478,0.00966,0.3391718,-0.3484638,-0.0003750271,0.00987,0.3465451,-0.3560391,-0.0003830064,0.01008,0.3539184,-0.3636144,-0.0003909857,0.01029,0.3612917,-0.3711897,-0.000398965,0.0105,0.368665,-0.378765,-0.0004069443,0.01071,0.3760383,-0.3863403,-0.0004149236,0.01092,0.3834116,-0.3939156,-0.0004229029,0.01113,0.3907849,-0.4014909,-0.0004308822,0.01134,0.3981582,-0.4090662,-0.0004388615,0.01155,0.4055315,-0.4166415,-0.0004468408,0.01176,0.4129048,-0.4242168,-0.0004548201,0.01197,0.4202781,-0.4317921,-0.0004627994,0.01218,0.4276514,-0.4393674,-0.0004707787,0.01239,0.4350247,-0.4469427,-0.000478758,0.0126,0.442398,-0.454518,-0.0004867373,0.01281,0.4497713,-0.4620933,-0.0004947166,0.01302,0.4571446,-0.4696686,-0.0005026959,0.01323,0.4645179,-0.4772439,-0.0005106752,0.01344,0.4718912,-0.4848192,-0.0005186545,0.01365,0.4792645,-0.4923945,-0.0005266338,0.01386,0.4866378,-0.4999698,-0.0005346131,0.01407,0.4940111,-0.5075451,-0.0005425924,0.01428,0.5013844,-0.5151204,-0.0005505717,0.01449,0.5087577,-0.5226957,-0.000558551,0.0147,0.516131,-0.530271,-0.0005665303,0.01491,0.5235043,-0.5378463,-0.0005745096,0.01512,0.5308776,-0.5454216,-0.0005824889,0.01533,0.5382509,-0.5529969,-0.0005904682,0.01554,0.5456242,-0.5605722,-0.0005984475,0.01575,0.5529975,-0.5681475,-0.0006064268,0.01596,0.5603708,-0.5757228,-0.0006144061,0.01617,0.5677441,-0.5832981,-0.0006223854,0.01638,0.5751174,-0.5908734,-0.0006303647,0.01659,0.5824907,-0.5984487,-0.000638344,0.0168,0.589864,-0.606024,-0.0006463233,0.01701,0.5972373,-0.6135993,-0.0006543026,0.01722,0.6046106,-0.6211746,-0.0006622819,0.01743,0.6119839,-0.6287499,-0.0006702612,0.01764,0.6193572,-0.6363252,-0.0006782405,0.01785,0.6267305,-0.6439005,-0.0006862198,0.01806,0.6341038,-0.6514758,-0.0006941991,0.01827,0.6414771,-0.6590511,-0.0007021784,0.01848,0.6488504,-0.6666264,-0.0007101577,0.01869,0.6562237,-0.6742017,-0.000718137,0.0189,0.663597,-0.681777,-0.0007261163,0.01911,0.6709703,-0.6893523,-0.0007340956,0.01932,0.6783436,-0.6969276,-0.0007420749,0.01953,0.6857169,-0.7045029,-0.0007500542,0.01974,0.6930902,-0.7120782,-0.0007580335,0.01995,0.7004635,-0.7196535,-0.0007660128,0.02016,0.7078368,-0.7272288,-0.0007739921,0.02037,0.7152101,-0.7348041,-0.0007819714,0.02058,0.7225834,-0.7423794,-0.0007899507,0.02079,0.7299567,-0.7499547,-0.00079793,0.021,0.73733,-0.75753,-0.0008059093,0.02121,0.7447033,-0.7651053,-0.0008138886,0.02142,0.7520766,-0.7726806,-0.0008218679,0.02163,0.7594499,-0.7802559,-0.0008298472,0.02184,0.7668232,-0.7878312,-0.0008378265,0.02205,0.7741965,-0.7954065,-0.0008458058,0.02226,0.7815698,-0.8029818,-0.0008537851,0.02247,0.7889431,-0.8105571,-0.0008617644,0.02268,0.7963164,-0.8181324,-0.0008697437,0.02289,0.8036897,-0.8257077,-0.000877723,0.0231,0.811063,-0.833283,-0.0008857023,0.02331,0.8184363,-0.8408583,-0.0008936816,0.02352,0.8258096,-0.8484336,-0.0009016609,0.02373,0.8331829,-0.8560089,-0.0009096402,0.02394,0.8405562,-0.8635842,-0.0009176195,0.02415,0.8479295,-0.8711595,-0.0009255988,0.02436,0.8553028,-0.8787348,-0.0009335781,0.02457,0.8626761,-0.8863101,-0.0009415574,0.02478,0.8700494,-0.8938854,-0.0009495367,0.02499,0.8774227,-0.9014607,-0.000957516,0.0252,0.884796,-0.909036,-0.0009654953,0.02541,0.8921693,-0.9166113,-0.0009734746,0.02562,0.8995426,-0.9241866,-0.0009814539,0.02583,0.9069159,-0.9317619,-0.0009894332,0.02604,0.9142892,-0.9393372,-0.0009974125,0.02625,0.9216625,-0.9469125,-0.0010053918,0.02646,0.9290358,-0.9544878,-0.0010133711,0.02667,0.9364091,-0.9620631

ix4[][] init 128,6
ix4 fillarray 0,0,0,0,0,0,-0.000014482,0.00040598,-0.0032628,0.015744,-0.015301,0.0024287,-0.000028964,0.00081196,-0.0065256,0.031488,-0.030602,0.0048574,-0.000043446,0.00121794,-0.0097884,0.047232,-0.045903,0.0072861,-0.000057928,0.00162392,-0.0130512,0.062976,-0.061204,0.0097148,-0.00007241,0.0020299,-0.016314,0.07872,-0.076505,0.0121435,-0.000086892,0.00243588,-0.0195768,0.094464,-0.091806,0.0145722,-0.000101374,0.00284186,-0.0228396,0.110208,-0.107107,0.0170009,-0.000115856,0.00324784,-0.0261024,0.125952,-0.122408,0.0194296,-0.000130338,0.00365382,-0.0293652,0.141696,-0.137709,0.0218583,-0.00014482,0.0040598,-0.032628,0.15744,-0.15301,0.024287,-0.000159302,0.00446578,-0.0358908,0.173184,-0.168311,0.0267157,-0.000173784,0.00487176,-0.0391536,0.188928,-0.183612,0.0291444,-0.000188266,0.00527774,-0.0424164,0.204672,-0.198913,0.0315731,-0.000202748,0.00568372,-0.0456792,0.220416,-0.214214,0.0340018,-0.00021723,0.0060897,-0.048942,0.23616,-0.229515,0.0364305,-0.000231712,0.00649568,-0.0522048,0.251904,-0.244816,0.0388592,-0.000246194,0.00690166,-0.0554676,0.267648,-0.260117,0.0412879,-0.000260676,0.00730764,-0.0587304,0.283392,-0.275418,0.0437166,-0.000275158,0.00771362,-0.0619932,0.299136,-0.290719,0.0461453,-0.00028964,0.0081196,-0.065256,0.31488,-0.30602,0.048574,-0.000304122,0.00852558,-0.0685188,0.330624,-0.321321,0.0510027,-0.000318604,0.00893156,-0.0717816,0.346368,-0.336622,0.0534314,-0.000333086,0.00933754,-0.0750444,0.362112,-0.351923,0.0558601,-0.000347568,0.00974352,-0.0783072,0.377856,-0.367224,0.0582888,-0.00036205,0.0101495,-0.08157,0.3936,-0.382525,0.0607175,-0.000376532,0.01055548,-0.0848328,0.409344,-0.397826,0.0631462,-0.000391014,0.01096146,-0.0880956,0.425088,-0.413127,0.0655749,-0.000405496,0.01136744,-0.0913584,0.440832,-0.428428,0.0680036,-0.000419978,0.01177342,-0.0946212,0.456576,-0.443729,0.0704323,-0.00043446,0.0121794,-0.097884,0.47232,-0.45903,0.072861,-0.000448942,0.01258538,-0.1011468,0.488064,-0.474331,0.0752897,-0.000463424,0.01299136,-0.1044096,0.503808,-0.489632,0.0777184,-0.000477906,0.01339734,-0.1076724,0.519552,-0.504933,0.0801471,-0.000492388,0.01380332,-0.1109352,0.535296,-0.520234,0.0825758,-0.00050687,0.0142093,-0.114198,0.55104,-0.535535,0.0850045,-0.000521352,0.01461528,-0.1174608,0.566784,-0.550836,0.0874332,-0.000535834,0.01502126,-0.1207236,0.582528,-0.566137,0.0898619,-0.000550316,0.01542724,-0.1239864,0.598272,-0.581438,0.0922906,-0.000564798,0.01583322,-0.1272492,0.614016,-0.596739,0.0947193,-0.00057928,0.0162392,-0.130512,0.62976,-0.61204,0.097148,-0.000593762,0.01664518,-0.1337748,0.645504,-0.627341,0.0995767,-0.000608244,0.01705116,-0.1370376,0.661248,-0.642642,0.1020054,-0.000622726,0.01745714,-0.1403004,0.676992,-0.657943,0.1044341,-0.000637208,0.01786312,-0.1435632,0.692736,-0.673244,0.1068628,-0.00065169,0.0182691,-0.146826,0.70848,-0.688545,0.1092915,-0.000666172,0.01867508,-0.1500888,0.724224,-0.703846,0.1117202,-0.000680654,0.01908106,-0.1533516,0.739968,-0.719147,0.1141489,-0.000695136,0.01948704,-0.1566144,0.755712,-0.734448,0.1165776,-0.000709618,0.01989302,-0.1598772,0.771456,-0.749749,0.1190063,-0.0007241,0.020299,-0.16314,0.7872,-0.76505,0.121435,-0.000738582,0.02070498,-0.1664028,0.802944,-0.780351,0.1238637,-0.000753064,0.02111096,-0.1696656,0.818688,-0.795652,0.1262924,-0.000767546,0.02151694,-0.1729284,0.834432,-0.810953,0.1287211,-0.000782028,0.02192292,-0.1761912,0.850176,-0.826254,0.1311498,-0.00079651,0.0223289,-0.179454,0.86592,-0.841555,0.1335785,-0.000810992,0.02273488,-0.1827168,0.881664,-0.856856,0.1360072,-0.000825474,0.02314086,-0.1859796,0.897408,-0.872157,0.1384359,-0.000839956,0.02354684,-0.1892424,0.913152,-0.887458,0.1408646,-0.000854438,0.02395282,-0.1925052,0.928896,-0.902759,0.1432933,-0.00086892,0.0243588,-0.195768,0.94464,-0.91806,0.145722,-0.000883402,0.02476478,-0.1990308,0.960384,-0.933361,0.1481507,-0.000897884,0.02517076,-0.2022936,0.976128,-0.948662,0.1505794,-0.000912366,0.02557674,-0.2055564,0.991872,-0.963963,0.1530081,-0.000926848,0.02598272,-0.2088192,1.007616,-0.979264,0.1554368,-0.00094133,0.0263887,-0.212082,1.02336,-0.994565,0.1578655,-0.000955812,0.02679468,-0.2153448,1.039104,-1.009866,0.1602942,-0.000970294,0.02720066,-0.2186076,1.054848,-1.025167,0.1627229,-0.000984776,0.02760664,-0.2218704,1.070592,-1.040468,0.1651516,-0.000999258,0.02801262,-0.2251332,1.086336,-1.055769,0.1675803,-0.00101374,0.0284186,-0.228396,1.10208,-1.07107,0.170009,-0.001028222,0.02882458,-0.2316588,1.117824,-1.086371,0.1724377,-0.001042704,0.02923056,-0.2349216,1.133568,-1.101672,0.1748664,-0.001057186,0.02963654,-0.2381844,1.149312,-1.116973,0.1772951,-0.001071668,0.03004252,-0.2414472,1.165056,-1.132274,0.1797238,-0.00108615,0.0304485,-0.24471,1.1808,-1.147575,0.1821525,-0.001100632,0.03085448,-0.2479728,1.196544,-1.162876,0.1845812,-0.001115114,0.03126046,-0.2512356,1.212288,-1.178177,0.1870099,-0.001129596,0.03166644,-0.2544984,1.228032,-1.193478,0.1894386,-0.001144078,0.03207242,-0.2577612,1.243776,-1.208779,0.1918673,-0.00115856,0.0324784,-0.261024,1.25952,-1.22408,0.194296,-0.001173042,0.03288438,-0.2642868,1.275264,-1.239381,0.1967247,-0.001187524,0.03329036,-0.2675496,1.291008,-1.254682,0.1991534,-0.001202006,0.03369634,-0.2708124,1.306752,-1.269983,0.2015821,-0.001216488,0.03410232,-0.2740752,1.322496,-1.285284,0.2040108,-0.00123097,0.0345083,-0.277338,1.33824,-1.300585,0.2064395,-0.001245452,0.03491428,-0.2806008,1.353984,-1.315886,0.2088682,-0.001259934,0.03532026,-0.2838636,1.369728,-1.331187,0.2112969,-0.001274416,0.03572624,-0.2871264,1.385472,-1.346488,0.2137256,-0.001288898,0.03613222,-0.2903892,1.401216,-1.361789,0.2161543,-0.00130338,0.0365382,-0.293652,1.41696,-1.37709,0.218583,-0.001317862,0.03694418,-0.2969148,1.432704,-1.392391,0.2210117,-0.001332344,0.03735016,-0.3001776,1.448448,-1.407692,0.2234404,-0.001346826,0.03775614,-0.3034404,1.464192,-1.422993,0.2258691,-0.001361308,0.03816212,-0.3067032,1.479936,-1.438294,0.2282978,-0.00137579,0.0385681,-0.309966,1.49568,-1.453595,0.2307265,-0.001390272,0.03897408,-0.3132288,1.511424,-1.468896,0.2331552,-0.001404754,0.03938006,-0.3164916,1.527168,-1.484197,0.2355839,-0.001419236,0.03978604,-0.3197544,1.542912,-1.499498,0.2380126,-0.001433718,0.04019202,-0.3230172,1.558656,-1.514799,0.2404413,-0.0014482,0.040598,-0.32628,1.5744,-1.5301,0.24287,-0.001462682,0.04100398,-0.3295428,1.590144,-1.545401,0.2452987,-0.001477164,0.04140996,-0.3328056,1.605888,-1.560702,0.2477274,-0.001491646,0.04181594,-0.3360684,1.621632,-1.576003,0.2501561,-0.001506128,0.04222192,-0.3393312,1.637376,-1.591304,0.2525848,-0.00152061,0.0426279,-0.342594,1.65312,-1.606605,0.2550135,-0.001535092,0.04303388,-0.3458568,1.668864,-1.621906,0.2574422,-0.001549574,0.04343986,-0.3491196,1.684608,-1.637207,0.2598709,-0.001564056,0.04384584,-0.3523824,1.700352,-1.652508,0.2622996,-0.001578538,0.04425182,-0.3556452,1.716096,-1.667809,0.2647283,-0.00159302,0.0446578,-0.358908,1.73184,-1.68311,0.267157,-0.001607502,0.04506378,-0.3621708,1.747584,-1.698411,0.2695857,-0.001621984,0.04546976,-0.3654336,1.763328,-1.713712,0.2720144,-0.001636466,0.04587574,-0.3686964,1.779072,-1.729013,0.2744431,-0.001650948,0.04628172,-0.3719592,1.794816,-1.744314,0.2768718,-0.00166543,0.0466877,-0.375222,1.81056,-1.759615,0.2793005,-0.001679912,0.04709368,-0.3784848,1.826304,-1.774916,0.2817292,-0.001694394,0.04749966,-0.3817476,1.842048,-1.790217,0.2841579,-0.001708876,0.04790564,-0.3850104,1.857792,-1.805518,0.2865866,-0.001723358,0.04831162,-0.3882732,1.873536,-1.820819,0.2890153,-0.00173784,0.0487176,-0.391536,1.88928,-1.83612,0.291444,-0.001752322,0.04912358,-0.3947988,1.905024,-1.851421,0.2938727,-0.001766804,0.04952956,-0.3980616,1.920768,-1.866722,0.2963014,-0.001781286,0.04993554,-0.4013244,1.936512,-1.882023,0.2987301,-0.001795768,0.05034152,-0.4045872,1.952256,-1.897324,0.3011588,-0.00181025,0.0507475,-0.40785,1.968,-1.912625,0.3035875,-0.001824732,0.05115348,-0.4111128,1.983744,-1.927926,0.3060162,-0.001839214,0.05155946,-0.4143756,1.999488,-1.943227,0.3084449

ix5[][] init 128,6
ix5 fillarray 0,0,0,0,0,0,-0.000029125,0.00088495,-0.0057206,0.013525,-0.0053247,-0.003336,-0.00005825,0.0017699,-0.0114412,0.02705,-0.0106494,-0.006672,-0.000087375,0.00265485,-0.0171618,0.040575,-0.0159741,-0.010008,-0.0001165,0.0035398,-0.0228824,0.0541,-0.0212988,-0.013344,-0.000145625,0.00442475,-0.028603,0.067625,-0.0266235,-0.01668,-0.00017475,0.0053097,-0.0343236,0.08115,-0.0319482,-0.020016,-0.000203875,0.00619465,-0.0400442,0.094675,-0.0372729,-0.023352,-0.000233,0.0070796,-0.0457648,0.1082,-0.0425976,-0.026688,-0.000262125,0.00796455,-0.0514854,0.121725,-0.0479223,-0.030024,-0.00029125,0.0088495,-0.057206,0.13525,-0.053247,-0.03336,-0.000320375,0.00973445,-0.0629266,0.148775,-0.0585717,-0.036696,-0.0003495,0.0106194,-0.0686472,0.1623,-0.0638964,-0.040032,-0.000378625,0.01150435,-0.0743678,0.175825,-0.0692211,-0.043368,-0.00040775,0.0123893,-0.0800884,0.18935,-0.0745458,-0.046704,-0.000436875,0.01327425,-0.085809,0.202875,-0.0798705,-0.05004,-0.000466,0.0141592,-0.0915296,0.2164,-0.0851952,-0.053376,-0.000495125,0.01504415,-0.0972502,0.229925,-0.0905199,-0.056712,-0.00052425,0.0159291,-0.1029708,0.24345,-0.0958446,-0.060048,-0.000553375,0.01681405,-0.1086914,0.256975,-0.1011693,-0.063384,-0.0005825,0.017699,-0.114412,0.2705,-0.106494,-0.06672,-0.000611625,0.01858395,-0.1201326,0.284025,-0.1118187,-0.070056,-0.00064075,0.0194689,-0.1258532,0.29755,-0.1171434,-0.073392,-0.000669875,0.02035385,-0.1315738,0.311075,-0.1224681,-0.076728,-0.000699,0.0212388,-0.1372944,0.3246,-0.1277928,-0.080064,-0.000728125,0.02212375,-0.143015,0.338125,-0.1331175,-0.0834,-0.00075725,0.0230087,-0.1487356,0.35165,-0.1384422,-0.086736,-0.000786375,0.02389365,-0.1544562,0.365175,-0.1437669,-0.090072,-0.0008155,0.0247786,-0.1601768,0.3787,-0.1490916,-0.093408,-0.000844625,0.02566355,-0.1658974,0.392225,-0.1544163,-0.096744,-0.00087375,0.0265485,-0.171618,0.40575,-0.159741,-0.10008,-0.000902875,0.02743345,-0.1773386,0.419275,-0.1650657,-0.103416,-0.000932,0.0283184,-0.1830592,0.4328,-0.1703904,-0.106752,-0.000961125,0.02920335,-0.1887798,0.446325,-0.1757151,-0.110088,-0.00099025,0.0300883,-0.1945004,0.45985,-0.1810398,-0.113424,-0.001019375,0.03097325,-0.200221,0.473375,-0.1863645,-0.11676,-0.0010485,0.0318582,-0.2059416,0.4869,-0.1916892,-0.120096,-0.001077625,0.03274315,-0.2116622,0.500425,-0.1970139,-0.123432,-0.00110675,0.0336281,-0.2173828,0.51395,-0.2023386,-0.126768,-0.001135875,0.03451305,-0.2231034,0.527475,-0.2076633,-0.130104,-0.001165,0.035398,-0.228824,0.541,-0.212988,-0.13344,-0.001194125,0.03628295,-0.2345446,0.554525,-0.2183127,-0.136776,-0.00122325,0.0371679,-0.2402652,0.56805,-0.2236374,-0.140112,-0.001252375,0.03805285,-0.2459858,0.581575,-0.2289621,-0.143448,-0.0012815,0.0389378,-0.2517064,0.5951,-0.2342868,-0.146784,-0.001310625,0.03982275,-0.257427,0.608625,-0.2396115,-0.15012,-0.00133975,0.0407077,-0.2631476,0.62215,-0.2449362,-0.153456,-0.001368875,0.04159265,-0.2688682,0.635675,-0.2502609,-0.156792,-0.001398,0.0424776,-0.2745888,0.6492,-0.2555856,-0.160128,-0.001427125,0.04336255,-0.2803094,0.662725,-0.2609103,-0.163464,-0.00145625,0.0442475,-0.28603,0.67625,-0.266235,-0.1668,-0.001485375,0.04513245,-0.2917506,0.689775,-0.2715597,-0.170136,-0.0015145,0.0460174,-0.2974712,0.7033,-0.2768844,-0.173472,-0.001543625,0.04690235,-0.3031918,0.716825,-0.2822091,-0.176808,-0.00157275,0.0477873,-0.3089124,0.73035,-0.2875338,-0.180144,-0.001601875,0.04867225,-0.314633,0.743875,-0.2928585,-0.18348,-0.001631,0.0495572,-0.3203536,0.7574,-0.2981832,-0.186816,-0.001660125,0.05044215,-0.3260742,0.770925,-0.3035079,-0.190152,-0.00168925,0.0513271,-0.3317948,0.78445,-0.3088326,-0.193488,-0.001718375,0.05221205,-0.3375154,0.797975,-0.3141573,-0.196824,-0.0017475,0.053097,-0.343236,0.8115,-0.319482,-0.20016,-0.001776625,0.05398195,-0.3489566,0.825025,-0.3248067,-0.203496,-0.00180575,0.0548669,-0.3546772,0.83855,-0.3301314,-0.206832,-0.001834875,0.05575185,-0.3603978,0.852075,-0.3354561,-0.210168,-0.001864,0.0566368,-0.3661184,0.8656,-0.3407808,-0.213504,-0.001893125,0.05752175,-0.371839,0.879125,-0.3461055,-0.21684,-0.00192225,0.0584067,-0.3775596,0.89265,-0.3514302,-0.220176,-0.001951375,0.05929165,-0.3832802,0.906175,-0.3567549,-0.223512,-0.0019805,0.0601766,-0.3890008,0.9197,-0.3620796,-0.226848,-0.002009625,0.06106155,-0.3947214,0.933225,-0.3674043,-0.230184,-0.00203875,0.0619465,-0.400442,0.94675,-0.372729,-0.23352,-0.002067875,0.06283145,-0.4061626,0.960275,-0.3780537,-0.236856,-0.002097,0.0637164,-0.4118832,0.9738,-0.3833784,-0.240192,-0.002126125,0.06460135,-0.4176038,0.987325,-0.3887031,-0.243528,-0.00215525,0.0654863,-0.4233244,1.00085,-0.3940278,-0.246864,-0.002184375,0.06637125,-0.429045,1.014375,-0.3993525,-0.2502,-0.0022135,0.0672562,-0.4347656,1.0279,-0.4046772,-0.253536,-0.002242625,0.06814115,-0.4404862,1.041425,-0.4100019,-0.256872,-0.00227175,0.0690261,-0.4462068,1.05495,-0.4153266,-0.260208,-0.002300875,0.06991105,-0.4519274,1.068475,-0.4206513,-0.263544,-0.00233,0.070796,-0.457648,1.082,-0.425976,-0.26688,-0.002359125,0.07168095,-0.4633686,1.095525,-0.4313007,-0.270216,-0.00238825,0.0725659,-0.4690892,1.10905,-0.4366254,-0.273552,-0.002417375,0.07345085,-0.4748098,1.122575,-0.4419501,-0.276888,-0.0024465,0.0743358,-0.4805304,1.1361,-0.4472748,-0.280224,-0.002475625,0.07522075,-0.486251,1.149625,-0.4525995,-0.28356,-0.00250475,0.0761057,-0.4919716,1.16315,-0.4579242,-0.286896,-0.002533875,0.07699065,-0.4976922,1.176675,-0.4632489,-0.290232,-0.002563,0.0778756,-0.5034128,1.1902,-0.4685736,-0.293568,-0.002592125,0.07876055,-0.5091334,1.203725,-0.4738983,-0.296904,-0.00262125,0.0796455,-0.514854,1.21725,-0.479223,-0.30024,-0.002650375,0.08053045,-0.5205746,1.230775,-0.4845477,-0.303576,-0.0026795,0.0814154,-0.5262952,1.2443,-0.4898724,-0.306912,-0.002708625,0.08230035,-0.5320158,1.257825,-0.4951971,-0.310248,-0.00273775,0.0831853,-0.5377364,1.27135,-0.5005218,-0.313584,-0.002766875,0.08407025,-0.543457,1.284875,-0.5058465,-0.31692,-0.002796,0.0849552,-0.5491776,1.2984,-0.5111712,-0.320256,-0.002825125,0.08584015,-0.5548982,1.311925,-0.5164959,-0.323592,-0.00285425,0.0867251,-0.5606188,1.32545,-0.5218206,-0.326928,-0.002883375,0.08761005,-0.5663394,1.338975,-0.5271453,-0.330264,-0.0029125,0.088495,-0.57206,1.3525,-0.53247,-0.3336,-0.002941625,0.08937995,-0.5777806,1.366025,-0.5377947,-0.336936,-0.00297075,0.0902649,-0.5835012,1.37955,-0.5431194,-0.340272,-0.002999875,0.09114985,-0.5892218,1.393075,-0.5484441,-0.343608,-0.003029,0.0920348,-0.5949424,1.4066,-0.5537688,-0.346944,-0.003058125,0.09291975,-0.600663,1.420125,-0.5590935,-0.35028,-0.00308725,0.0938047,-0.6063836,1.43365,-0.5644182,-0.353616,-0.003116375,0.09468965,-0.6121042,1.447175,-0.5697429,-0.356952,-0.0031455,0.0955746,-0.6178248,1.4607,-0.5750676,-0.360288,-0.003174625,0.09645955,-0.6235454,1.474225,-0.5803923,-0.363624,-0.00320375,0.0973445,-0.629266,1.48775,-0.585717,-0.36696,-0.003232875,0.09822945,-0.6349866,1.501275,-0.5910417,-0.370296,-0.003262,0.0991144,-0.6407072,1.5148,-0.5963664,-0.373632,-0.003291125,0.09999935,-0.6464278,1.528325,-0.6016911,-0.376968,-0.00332025,0.1008843,-0.6521484,1.54185,-0.6070158,-0.380304,-0.003349375,0.10176925,-0.657869,1.555375,-0.6123405,-0.38364,-0.0033785,0.1026542,-0.6635896,1.5689,-0.6176652,-0.386976,-0.003407625,0.10353915,-0.6693102,1.582425,-0.6229899,-0.390312,-0.00343675,0.1044241,-0.6750308,1.59595,-0.6283146,-0.393648,-0.003465875,0.10530905,-0.6807514,1.609475,-0.6336393,-0.396984,-0.003495,0.106194,-0.686472,1.623,-0.638964,-0.40032,-0.003524125,0.10707895,-0.6921926,1.636525,-0.6442887,-0.403656,-0.00355325,0.1079639,-0.6979132,1.65005,-0.6496134,-0.406992,-0.003582375,0.10884885,-0.7036338,1.663575,-0.6549381,-0.410328,-0.0036115,0.1097338,-0.7093544,1.6771,-0.6602628,-0.413664,-0.003640625,0.11061875,-0.715075,1.690625,-0.6655875,-0.417,-0.00366975,0.1115037,-0.7207956,1.70415,-0.6709122,-0.420336,-0.003698875,0.11238865,-0.7265162,1.717675,-0.6762369,-0.423672

if kShape == 0 then ; x2
 kout = k1 - ix2[klev][0] - ix2[klev][1]*k1 - ix2[klev][2]*k1*k1 - ix2[klev][3]*k1*k1*k1
if kShape == 1 then ; x3
 kout = k1 - ix2[klev][0] - ix2[klev][1]*k1 - ix2[klev][2]*k1*k1 - ix2[klev][3]*k1*k1*k1 - ix3[klev][0] - ix3[klev][1]*k1 - ix3[klev][2]*k1*k1 - ix3[klev][3]*k1*k1*k1
if kShape = 2 then  ; x4
 kout = k1 - ix2[klev][0] - ix2[klev][1]*k1 - ix2[klev][2]*k1*k1 - ix2[klev][3]*k1*k1*k1 - ix3[klev][0] - ix3[klev][1]*k1 - ix3[klev][2]*k1*k1 - ix3[klev][3]*k1*k1*k1 - ix4[klev][0] - ix4[klev][1]*k1 - ix4[klev][2]*k1*k1 - ix4[klev][3]*k1*k1*k1 - ix4[klev][4]*k1^4 - ix4[klev][5]*k1^5
else            ; x5
 kout = k1 - ix2[klev][0] - ix2[klev][1]*k1 - ix2[klev][2]*k1*k1 - ix2[klev][3]*k1*k1*k1 - ix3[klev][0] - ix3[klev][1]*k1 - ix3[klev][2]*k1*k1 - ix3[klev][3]*k1*k1*k1 - ix4[klev][0] - ix4[klev][1]*k1 - ix4[klev][2]*k1*k1 - ix4[klev][3]*k1*k1*k1 - ix4[klev][4]*k1^4 - ix4[klev][5]*k1^5 - ix5[klev][0] - ix5[klev][1]*k1 - ix5[klev][2]*k1*k1 - ix5[klev][3]*k1*k1*k1 - ix5[klev][4]*k1^4 - ix5[klev][5]*k1^5
endif
    zkw kout*kOn,ko
endop

;@ ins a a
;@ outs a
opcode shpExp, 0, kkkkkkk
klev,kMod,kOn,kShape, kin,kmod,ko xin
a1 zar kin
aM zar kmod   ;TODO modulation

ix2[][] init 128,4
ix2 fillarray 0,0,0,0,-0.0000045511,0.007904,-0.007921,0.000021499,-0.0000091022,0.015808,-0.015842,0.000042998,-0.0000136533,0.023712,-0.023763,0.000064497,-0.0000182044,0.031616,-0.031684,0.000085996,-0.0000227555,0.03952,-0.039605,0.000107495,-0.0000273066,0.047424,-0.047526,0.000128994,-0.0000318577,0.055328,-0.055447,0.000150493,-0.0000364088,0.063232,-0.063368,0.000171992,-0.0000409599,0.071136,-0.071289,0.000193491,-0.000045511,0.07904,-0.07921,0.00021499,-0.0000500621,0.086944,-0.087131,0.000236489,-0.0000546132,0.094848,-0.095052,0.000257988,-0.0000591643,0.102752,-0.102973,0.000279487,-0.0000637154,0.110656,-0.110894,0.000300986,-0.0000682665,0.11856,-0.118815,0.000322485,-0.0000728176,0.126464,-0.126736,0.000343984,-0.0000773687,0.134368,-0.134657,0.000365483,-0.0000819198,0.142272,-0.142578,0.000386982,-0.0000864709,0.150176,-0.150499,0.000408481,-0.000091022,0.15808,-0.15842,0.00042998,-0.0000955731,0.165984,-0.166341,0.000451479,-0.0001001242,0.173888,-0.174262,0.000472978,-0.0001046753,0.181792,-0.182183,0.000494477,-0.0001092264,0.189696,-0.190104,0.000515976,-0.0001137775,0.1976,-0.198025,0.000537475,-0.0001183286,0.205504,-0.205946,0.000558974,-0.0001228797,0.213408,-0.213867,0.000580473,-0.0001274308,0.221312,-0.221788,0.000601972,-0.0001319819,0.229216,-0.229709,0.000623471,-0.000136533,0.23712,-0.23763,0.00064497,-0.0001410841,0.245024,-0.245551,0.000666469,-0.0001456352,0.252928,-0.253472,0.000687968,-0.0001501863,0.260832,-0.261393,0.000709467,-0.0001547374,0.268736,-0.269314,0.000730966,-0.0001592885,0.27664,-0.277235,0.000752465,-0.0001638396,0.284544,-0.285156,0.000773964,-0.0001683907,0.292448,-0.293077,0.000795463,-0.0001729418,0.300352,-0.300998,0.000816962,-0.0001774929,0.308256,-0.308919,0.000838461,-0.000182044,0.31616,-0.31684,0.00085996,-0.0001865951,0.324064,-0.324761,0.000881459,-0.0001911462,0.331968,-0.332682,0.000902958,-0.0001956973,0.339872,-0.340603,0.000924457,-0.0002002484,0.347776,-0.348524,0.000945956,-0.0002047995,0.35568,-0.356445,0.000967455,-0.0002093506,0.363584,-0.364366,0.000988954,-0.0002139017,0.371488,-0.372287,0.001010453,-0.0002184528,0.379392,-0.380208,0.001031952,-0.0002230039,0.387296,-0.388129,0.001053451,-0.000227555,0.3952,-0.39605,0.00107495,-0.0002321061,0.403104,-0.403971,0.001096449,-0.0002366572,0.411008,-0.411892,0.001117948,-0.0002412083,0.418912,-0.419813,0.001139447,-0.0002457594,0.426816,-0.427734,0.001160946,-0.0002503105,0.43472,-0.435655,0.001182445,-0.0002548616,0.442624,-0.443576,0.001203944,-0.0002594127,0.450528,-0.451497,0.001225443,-0.0002639638,0.458432,-0.459418,0.001246942,-0.0002685149,0.466336,-0.467339,0.001268441,-0.000273066,0.47424,-0.47526,0.00128994,-0.0002776171,0.482144,-0.483181,0.001311439,-0.0002821682,0.490048,-0.491102,0.001332938,-0.0002867193,0.497952,-0.499023,0.001354437,-0.0002912704,0.505856,-0.506944,0.001375936,-0.0002958215,0.51376,-0.514865,0.001397435,-0.0003003726,0.521664,-0.522786,0.001418934,-0.0003049237,0.529568,-0.530707,0.001440433,-0.0003094748,0.537472,-0.538628,0.001461932,-0.0003140259,0.545376,-0.546549,0.001483431,-0.000318577,0.55328,-0.55447,0.00150493,-0.0003231281,0.561184,-0.562391,0.001526429,-0.0003276792,0.569088,-0.570312,0.001547928,-0.0003322303,0.576992,-0.578233,0.001569427,-0.0003367814,0.584896,-0.586154,0.001590926,-0.0003413325,0.5928,-0.594075,0.001612425,-0.0003458836,0.600704,-0.601996,0.001633924,-0.0003504347,0.608608,-0.609917,0.001655423,-0.0003549858,0.616512,-0.617838,0.001676922,-0.0003595369,0.624416,-0.625759,0.001698421,-0.000364088,0.63232,-0.63368,0.00171992,-0.0003686391,0.640224,-0.641601,0.001741419,-0.0003731902,0.648128,-0.649522,0.001762918,-0.0003777413,0.656032,-0.657443,0.001784417,-0.0003822924,0.663936,-0.665364,0.001805916,-0.0003868435,0.67184,-0.673285,0.001827415,-0.0003913946,0.679744,-0.681206,0.001848914,-0.0003959457,0.687648,-0.689127,0.001870413,-0.0004004968,0.695552,-0.697048,0.001891912,-0.0004050479,0.703456,-0.704969,0.001913411,-0.000409599,0.71136,-0.71289,0.00193491,-0.0004141501,0.719264,-0.720811,0.001956409,-0.0004187012,0.727168,-0.728732,0.001977908,-0.0004232523,0.735072,-0.736653,0.001999407,-0.0004278034,0.742976,-0.744574,0.002020906,-0.0004323545,0.75088,-0.752495,0.002042405,-0.0004369056,0.758784,-0.760416,0.002063904,-0.0004414567,0.766688,-0.768337,0.002085403,-0.0004460078,0.774592,-0.776258,0.002106902,-0.0004505589,0.782496,-0.784179,0.002128401,-0.00045511,0.7904,-0.7921,0.0021499,-0.0004596611,0.798304,-0.800021,0.002171399,-0.0004642122,0.806208,-0.807942,0.002192898,-0.0004687633,0.814112,-0.815863,0.002214397,-0.0004733144,0.822016,-0.823784,0.002235896,-0.0004778655,0.82992,-0.831705,0.002257395,-0.0004824166,0.837824,-0.839626,0.002278894,-0.0004869677,0.845728,-0.847547,0.002300393,-0.0004915188,0.853632,-0.855468,0.002321892,-0.0004960699,0.861536,-0.863389,0.002343391,-0.000500621,0.86944,-0.87131,0.00236489,-0.0005051721,0.877344,-0.879231,0.002386389,-0.0005097232,0.885248,-0.887152,0.002407888,-0.0005142743,0.893152,-0.895073,0.002429387,-0.0005188254,0.901056,-0.902994,0.002450886,-0.0005233765,0.90896,-0.910915,0.002472385,-0.0005279276,0.916864,-0.918836,0.002493884,-0.0005324787,0.924768,-0.926757,0.002515383,-0.0005370298,0.932672,-0.934678,0.002536882,-0.0005415809,0.940576,-0.942599,0.002558381,-0.000546132,0.94848,-0.95052,0.00257988,-0.0005506831,0.956384,-0.958441,0.002601379,-0.0005552342,0.964288,-0.966362,0.002622878,-0.0005597853,0.972192,-0.974283,0.002644377,-0.0005643364,0.980096,-0.982204,0.002665876,-0.0005688875,0.988,-0.990125,0.002687375,-0.0005734386,0.995904,-0.998046,0.002708874,-0.0005779897,1.003808,-1.005967,0.0027303730

ix3[][] init 128,4
ix2 fillarray 0,0,0,0,-0.0000079793,0.00021,0.0073733,-0.0075753,-0.0000159586,0.00042,0.0147466,-0.0151506,-0.0000239379,0.00063,0.0221199,-0.0227259,-0.0000319172,0.00084,0.0294932,-0.0303012,-0.0000398965,0.00105,0.0368665,-0.0378765,-0.0000478758,0.00126,0.0442398,-0.0454518,-0.0000558551,0.00147,0.0516131,-0.0530271,-0.0000638344,0.00168,0.0589864,-0.0606024,-0.0000718137,0.00189,0.0663597,-0.0681777,-0.000079793,0.0021,0.073733,-0.075753,-0.0000877723,0.00231,0.0811063,-0.0833283,-0.0000957516,0.00252,0.0884796,-0.0909036,-0.0001037309,0.00273,0.0958529,-0.0984789,-0.0001117102,0.00294,0.1032262,-0.1060542,-0.0001196895,0.00315,0.1105995,-0.1136295,-0.0001276688,0.00336,0.1179728,-0.1212048,-0.0001356481,0.00357,0.1253461,-0.1287801,-0.0001436274,0.00378,0.1327194,-0.1363554,-0.0001516067,0.00399,0.1400927,-0.1439307,-0.000159586,0.0042,0.147466,-0.151506,-0.0001675653,0.00441,0.1548393,-0.1590813,-0.0001755446,0.00462,0.1622126,-0.1666566,-0.0001835239,0.00483,0.1695859,-0.1742319,-0.0001915032,0.00504,0.1769592,-0.1818072,-0.0001994825,0.00525,0.1843325,-0.1893825,-0.0002074618,0.00546,0.1917058,-0.1969578,-0.0002154411,0.00567,0.1990791,-0.2045331,-0.0002234204,0.00588,0.2064524,-0.2121084,-0.0002313997,0.00609,0.2138257,-0.2196837,-0.000239379,0.0063,0.221199,-0.227259,-0.0002473583,0.00651,0.2285723,-0.2348343,-0.0002553376,0.00672,0.2359456,-0.2424096,-0.0002633169,0.00693,0.2433189,-0.2499849,-0.0002712962,0.00714,0.2506922,-0.2575602,-0.0002792755,0.00735,0.2580655,-0.2651355,-0.0002872548,0.00756,0.2654388,-0.2727108,-0.0002952341,0.00777,0.2728121,-0.2802861,-0.0003032134,0.00798,0.2801854,-0.2878614,-0.0003111927,0.00819,0.2875587,-0.2954367,-0.000319172,0.0084,0.294932,-0.303012,-0.0003271513,0.00861,0.3023053,-0.3105873,-0.0003351306,0.00882,0.3096786,-0.3181626,-0.0003431099,0.00903,0.3170519,-0.3257379,-0.0003510892,0.00924,0.3244252,-0.3333132,-0.0003590685,0.00945,0.3317985,-0.3408885,-0.0003670478,0.00966,0.3391718,-0.3484638,-0.0003750271,0.00987,0.3465451,-0.3560391,-0.0003830064,0.01008,0.3539184,-0.3636144,-0.0003909857,0.01029,0.3612917,-0.3711897,-0.000398965,0.0105,0.368665,-0.378765,-0.0004069443,0.01071,0.3760383,-0.3863403,-0.0004149236,0.01092,0.3834116,-0.3939156,-0.0004229029,0.01113,0.3907849,-0.4014909,-0.0004308822,0.01134,0.3981582,-0.4090662,-0.0004388615,0.01155,0.4055315,-0.4166415,-0.0004468408,0.01176,0.4129048,-0.4242168,-0.0004548201,0.01197,0.4202781,-0.4317921,-0.0004627994,0.01218,0.4276514,-0.4393674,-0.0004707787,0.01239,0.4350247,-0.4469427,-0.000478758,0.0126,0.442398,-0.454518,-0.0004867373,0.01281,0.4497713,-0.4620933,-0.0004947166,0.01302,0.4571446,-0.4696686,-0.0005026959,0.01323,0.4645179,-0.4772439,-0.0005106752,0.01344,0.4718912,-0.4848192,-0.0005186545,0.01365,0.4792645,-0.4923945,-0.0005266338,0.01386,0.4866378,-0.4999698,-0.0005346131,0.01407,0.4940111,-0.5075451,-0.0005425924,0.01428,0.5013844,-0.5151204,-0.0005505717,0.01449,0.5087577,-0.5226957,-0.000558551,0.0147,0.516131,-0.530271,-0.0005665303,0.01491,0.5235043,-0.5378463,-0.0005745096,0.01512,0.5308776,-0.5454216,-0.0005824889,0.01533,0.5382509,-0.5529969,-0.0005904682,0.01554,0.5456242,-0.5605722,-0.0005984475,0.01575,0.5529975,-0.5681475,-0.0006064268,0.01596,0.5603708,-0.5757228,-0.0006144061,0.01617,0.5677441,-0.5832981,-0.0006223854,0.01638,0.5751174,-0.5908734,-0.0006303647,0.01659,0.5824907,-0.5984487,-0.000638344,0.0168,0.589864,-0.606024,-0.0006463233,0.01701,0.5972373,-0.6135993,-0.0006543026,0.01722,0.6046106,-0.6211746,-0.0006622819,0.01743,0.6119839,-0.6287499,-0.0006702612,0.01764,0.6193572,-0.6363252,-0.0006782405,0.01785,0.6267305,-0.6439005,-0.0006862198,0.01806,0.6341038,-0.6514758,-0.0006941991,0.01827,0.6414771,-0.6590511,-0.0007021784,0.01848,0.6488504,-0.6666264,-0.0007101577,0.01869,0.6562237,-0.6742017,-0.000718137,0.0189,0.663597,-0.681777,-0.0007261163,0.01911,0.6709703,-0.6893523,-0.0007340956,0.01932,0.6783436,-0.6969276,-0.0007420749,0.01953,0.6857169,-0.7045029,-0.0007500542,0.01974,0.6930902,-0.7120782,-0.0007580335,0.01995,0.7004635,-0.7196535,-0.0007660128,0.02016,0.7078368,-0.7272288,-0.0007739921,0.02037,0.7152101,-0.7348041,-0.0007819714,0.02058,0.7225834,-0.7423794,-0.0007899507,0.02079,0.7299567,-0.7499547,-0.00079793,0.021,0.73733,-0.75753,-0.0008059093,0.02121,0.7447033,-0.7651053,-0.0008138886,0.02142,0.7520766,-0.7726806,-0.0008218679,0.02163,0.7594499,-0.7802559,-0.0008298472,0.02184,0.7668232,-0.7878312,-0.0008378265,0.02205,0.7741965,-0.7954065,-0.0008458058,0.02226,0.7815698,-0.8029818,-0.0008537851,0.02247,0.7889431,-0.8105571,-0.0008617644,0.02268,0.7963164,-0.8181324,-0.0008697437,0.02289,0.8036897,-0.8257077,-0.000877723,0.0231,0.811063,-0.833283,-0.0008857023,0.02331,0.8184363,-0.8408583,-0.0008936816,0.02352,0.8258096,-0.8484336,-0.0009016609,0.02373,0.8331829,-0.8560089,-0.0009096402,0.02394,0.8405562,-0.8635842,-0.0009176195,0.02415,0.8479295,-0.8711595,-0.0009255988,0.02436,0.8553028,-0.8787348,-0.0009335781,0.02457,0.8626761,-0.8863101,-0.0009415574,0.02478,0.8700494,-0.8938854,-0.0009495367,0.02499,0.8774227,-0.9014607,-0.000957516,0.0252,0.884796,-0.909036,-0.0009654953,0.02541,0.8921693,-0.9166113,-0.0009734746,0.02562,0.8995426,-0.9241866,-0.0009814539,0.02583,0.9069159,-0.9317619,-0.0009894332,0.02604,0.9142892,-0.9393372,-0.0009974125,0.02625,0.9216625,-0.9469125,-0.0010053918,0.02646,0.9290358,-0.9544878,-0.0010133711,0.02667,0.9364091,-0.9620631

ix4[][] init 128,6
ix4 fillarray 0,0,0,0,0,0,-0.000014482,0.00040598,-0.0032628,0.015744,-0.015301,0.0024287,-0.000028964,0.00081196,-0.0065256,0.031488,-0.030602,0.0048574,-0.000043446,0.00121794,-0.0097884,0.047232,-0.045903,0.0072861,-0.000057928,0.00162392,-0.0130512,0.062976,-0.061204,0.0097148,-0.00007241,0.0020299,-0.016314,0.07872,-0.076505,0.0121435,-0.000086892,0.00243588,-0.0195768,0.094464,-0.091806,0.0145722,-0.000101374,0.00284186,-0.0228396,0.110208,-0.107107,0.0170009,-0.000115856,0.00324784,-0.0261024,0.125952,-0.122408,0.0194296,-0.000130338,0.00365382,-0.0293652,0.141696,-0.137709,0.0218583,-0.00014482,0.0040598,-0.032628,0.15744,-0.15301,0.024287,-0.000159302,0.00446578,-0.0358908,0.173184,-0.168311,0.0267157,-0.000173784,0.00487176,-0.0391536,0.188928,-0.183612,0.0291444,-0.000188266,0.00527774,-0.0424164,0.204672,-0.198913,0.0315731,-0.000202748,0.00568372,-0.0456792,0.220416,-0.214214,0.0340018,-0.00021723,0.0060897,-0.048942,0.23616,-0.229515,0.0364305,-0.000231712,0.00649568,-0.0522048,0.251904,-0.244816,0.0388592,-0.000246194,0.00690166,-0.0554676,0.267648,-0.260117,0.0412879,-0.000260676,0.00730764,-0.0587304,0.283392,-0.275418,0.0437166,-0.000275158,0.00771362,-0.0619932,0.299136,-0.290719,0.0461453,-0.00028964,0.0081196,-0.065256,0.31488,-0.30602,0.048574,-0.000304122,0.00852558,-0.0685188,0.330624,-0.321321,0.0510027,-0.000318604,0.00893156,-0.0717816,0.346368,-0.336622,0.0534314,-0.000333086,0.00933754,-0.0750444,0.362112,-0.351923,0.0558601,-0.000347568,0.00974352,-0.0783072,0.377856,-0.367224,0.0582888,-0.00036205,0.0101495,-0.08157,0.3936,-0.382525,0.0607175,-0.000376532,0.01055548,-0.0848328,0.409344,-0.397826,0.0631462,-0.000391014,0.01096146,-0.0880956,0.425088,-0.413127,0.0655749,-0.000405496,0.01136744,-0.0913584,0.440832,-0.428428,0.0680036,-0.000419978,0.01177342,-0.0946212,0.456576,-0.443729,0.0704323,-0.00043446,0.0121794,-0.097884,0.47232,-0.45903,0.072861,-0.000448942,0.01258538,-0.1011468,0.488064,-0.474331,0.0752897,-0.000463424,0.01299136,-0.1044096,0.503808,-0.489632,0.0777184,-0.000477906,0.01339734,-0.1076724,0.519552,-0.504933,0.0801471,-0.000492388,0.01380332,-0.1109352,0.535296,-0.520234,0.0825758,-0.00050687,0.0142093,-0.114198,0.55104,-0.535535,0.0850045,-0.000521352,0.01461528,-0.1174608,0.566784,-0.550836,0.0874332,-0.000535834,0.01502126,-0.1207236,0.582528,-0.566137,0.0898619,-0.000550316,0.01542724,-0.1239864,0.598272,-0.581438,0.0922906,-0.000564798,0.01583322,-0.1272492,0.614016,-0.596739,0.0947193,-0.00057928,0.0162392,-0.130512,0.62976,-0.61204,0.097148,-0.000593762,0.01664518,-0.1337748,0.645504,-0.627341,0.0995767,-0.000608244,0.01705116,-0.1370376,0.661248,-0.642642,0.1020054,-0.000622726,0.01745714,-0.1403004,0.676992,-0.657943,0.1044341,-0.000637208,0.01786312,-0.1435632,0.692736,-0.673244,0.1068628,-0.00065169,0.0182691,-0.146826,0.70848,-0.688545,0.1092915,-0.000666172,0.01867508,-0.1500888,0.724224,-0.703846,0.1117202,-0.000680654,0.01908106,-0.1533516,0.739968,-0.719147,0.1141489,-0.000695136,0.01948704,-0.1566144,0.755712,-0.734448,0.1165776,-0.000709618,0.01989302,-0.1598772,0.771456,-0.749749,0.1190063,-0.0007241,0.020299,-0.16314,0.7872,-0.76505,0.121435,-0.000738582,0.02070498,-0.1664028,0.802944,-0.780351,0.1238637,-0.000753064,0.02111096,-0.1696656,0.818688,-0.795652,0.1262924,-0.000767546,0.02151694,-0.1729284,0.834432,-0.810953,0.1287211,-0.000782028,0.02192292,-0.1761912,0.850176,-0.826254,0.1311498,-0.00079651,0.0223289,-0.179454,0.86592,-0.841555,0.1335785,-0.000810992,0.02273488,-0.1827168,0.881664,-0.856856,0.1360072,-0.000825474,0.02314086,-0.1859796,0.897408,-0.872157,0.1384359,-0.000839956,0.02354684,-0.1892424,0.913152,-0.887458,0.1408646,-0.000854438,0.02395282,-0.1925052,0.928896,-0.902759,0.1432933,-0.00086892,0.0243588,-0.195768,0.94464,-0.91806,0.145722,-0.000883402,0.02476478,-0.1990308,0.960384,-0.933361,0.1481507,-0.000897884,0.02517076,-0.2022936,0.976128,-0.948662,0.1505794,-0.000912366,0.02557674,-0.2055564,0.991872,-0.963963,0.1530081,-0.000926848,0.02598272,-0.2088192,1.007616,-0.979264,0.1554368,-0.00094133,0.0263887,-0.212082,1.02336,-0.994565,0.1578655,-0.000955812,0.02679468,-0.2153448,1.039104,-1.009866,0.1602942,-0.000970294,0.02720066,-0.2186076,1.054848,-1.025167,0.1627229,-0.000984776,0.02760664,-0.2218704,1.070592,-1.040468,0.1651516,-0.000999258,0.02801262,-0.2251332,1.086336,-1.055769,0.1675803,-0.00101374,0.0284186,-0.228396,1.10208,-1.07107,0.170009,-0.001028222,0.02882458,-0.2316588,1.117824,-1.086371,0.1724377,-0.001042704,0.02923056,-0.2349216,1.133568,-1.101672,0.1748664,-0.001057186,0.02963654,-0.2381844,1.149312,-1.116973,0.1772951,-0.001071668,0.03004252,-0.2414472,1.165056,-1.132274,0.1797238,-0.00108615,0.0304485,-0.24471,1.1808,-1.147575,0.1821525,-0.001100632,0.03085448,-0.2479728,1.196544,-1.162876,0.1845812,-0.001115114,0.03126046,-0.2512356,1.212288,-1.178177,0.1870099,-0.001129596,0.03166644,-0.2544984,1.228032,-1.193478,0.1894386,-0.001144078,0.03207242,-0.2577612,1.243776,-1.208779,0.1918673,-0.00115856,0.0324784,-0.261024,1.25952,-1.22408,0.194296,-0.001173042,0.03288438,-0.2642868,1.275264,-1.239381,0.1967247,-0.001187524,0.03329036,-0.2675496,1.291008,-1.254682,0.1991534,-0.001202006,0.03369634,-0.2708124,1.306752,-1.269983,0.2015821,-0.001216488,0.03410232,-0.2740752,1.322496,-1.285284,0.2040108,-0.00123097,0.0345083,-0.277338,1.33824,-1.300585,0.2064395,-0.001245452,0.03491428,-0.2806008,1.353984,-1.315886,0.2088682,-0.001259934,0.03532026,-0.2838636,1.369728,-1.331187,0.2112969,-0.001274416,0.03572624,-0.2871264,1.385472,-1.346488,0.2137256,-0.001288898,0.03613222,-0.2903892,1.401216,-1.361789,0.2161543,-0.00130338,0.0365382,-0.293652,1.41696,-1.37709,0.218583,-0.001317862,0.03694418,-0.2969148,1.432704,-1.392391,0.2210117,-0.001332344,0.03735016,-0.3001776,1.448448,-1.407692,0.2234404,-0.001346826,0.03775614,-0.3034404,1.464192,-1.422993,0.2258691,-0.001361308,0.03816212,-0.3067032,1.479936,-1.438294,0.2282978,-0.00137579,0.0385681,-0.309966,1.49568,-1.453595,0.2307265,-0.001390272,0.03897408,-0.3132288,1.511424,-1.468896,0.2331552,-0.001404754,0.03938006,-0.3164916,1.527168,-1.484197,0.2355839,-0.001419236,0.03978604,-0.3197544,1.542912,-1.499498,0.2380126,-0.001433718,0.04019202,-0.3230172,1.558656,-1.514799,0.2404413,-0.0014482,0.040598,-0.32628,1.5744,-1.5301,0.24287,-0.001462682,0.04100398,-0.3295428,1.590144,-1.545401,0.2452987,-0.001477164,0.04140996,-0.3328056,1.605888,-1.560702,0.2477274,-0.001491646,0.04181594,-0.3360684,1.621632,-1.576003,0.2501561,-0.001506128,0.04222192,-0.3393312,1.637376,-1.591304,0.2525848,-0.00152061,0.0426279,-0.342594,1.65312,-1.606605,0.2550135,-0.001535092,0.04303388,-0.3458568,1.668864,-1.621906,0.2574422,-0.001549574,0.04343986,-0.3491196,1.684608,-1.637207,0.2598709,-0.001564056,0.04384584,-0.3523824,1.700352,-1.652508,0.2622996,-0.001578538,0.04425182,-0.3556452,1.716096,-1.667809,0.2647283,-0.00159302,0.0446578,-0.358908,1.73184,-1.68311,0.267157,-0.001607502,0.04506378,-0.3621708,1.747584,-1.698411,0.2695857,-0.001621984,0.04546976,-0.3654336,1.763328,-1.713712,0.2720144,-0.001636466,0.04587574,-0.3686964,1.779072,-1.729013,0.2744431,-0.001650948,0.04628172,-0.3719592,1.794816,-1.744314,0.2768718,-0.00166543,0.0466877,-0.375222,1.81056,-1.759615,0.2793005,-0.001679912,0.04709368,-0.3784848,1.826304,-1.774916,0.2817292,-0.001694394,0.04749966,-0.3817476,1.842048,-1.790217,0.2841579,-0.001708876,0.04790564,-0.3850104,1.857792,-1.805518,0.2865866,-0.001723358,0.04831162,-0.3882732,1.873536,-1.820819,0.2890153,-0.00173784,0.0487176,-0.391536,1.88928,-1.83612,0.291444,-0.001752322,0.04912358,-0.3947988,1.905024,-1.851421,0.2938727,-0.001766804,0.04952956,-0.3980616,1.920768,-1.866722,0.2963014,-0.001781286,0.04993554,-0.4013244,1.936512,-1.882023,0.2987301,-0.001795768,0.05034152,-0.4045872,1.952256,-1.897324,0.3011588,-0.00181025,0.0507475,-0.40785,1.968,-1.912625,0.3035875,-0.001824732,0.05115348,-0.4111128,1.983744,-1.927926,0.3060162,-0.001839214,0.05155946,-0.4143756,1.999488,-1.943227,0.3084449

ix5[][] init 128,6
ix5 fillarray 0,0,0,0,0,0,-0.000029125,0.00088495,-0.0057206,0.013525,-0.0053247,-0.003336,-0.00005825,0.0017699,-0.0114412,0.02705,-0.0106494,-0.006672,-0.000087375,0.00265485,-0.0171618,0.040575,-0.0159741,-0.010008,-0.0001165,0.0035398,-0.0228824,0.0541,-0.0212988,-0.013344,-0.000145625,0.00442475,-0.028603,0.067625,-0.0266235,-0.01668,-0.00017475,0.0053097,-0.0343236,0.08115,-0.0319482,-0.020016,-0.000203875,0.00619465,-0.0400442,0.094675,-0.0372729,-0.023352,-0.000233,0.0070796,-0.0457648,0.1082,-0.0425976,-0.026688,-0.000262125,0.00796455,-0.0514854,0.121725,-0.0479223,-0.030024,-0.00029125,0.0088495,-0.057206,0.13525,-0.053247,-0.03336,-0.000320375,0.00973445,-0.0629266,0.148775,-0.0585717,-0.036696,-0.0003495,0.0106194,-0.0686472,0.1623,-0.0638964,-0.040032,-0.000378625,0.01150435,-0.0743678,0.175825,-0.0692211,-0.043368,-0.00040775,0.0123893,-0.0800884,0.18935,-0.0745458,-0.046704,-0.000436875,0.01327425,-0.085809,0.202875,-0.0798705,-0.05004,-0.000466,0.0141592,-0.0915296,0.2164,-0.0851952,-0.053376,-0.000495125,0.01504415,-0.0972502,0.229925,-0.0905199,-0.056712,-0.00052425,0.0159291,-0.1029708,0.24345,-0.0958446,-0.060048,-0.000553375,0.01681405,-0.1086914,0.256975,-0.1011693,-0.063384,-0.0005825,0.017699,-0.114412,0.2705,-0.106494,-0.06672,-0.000611625,0.01858395,-0.1201326,0.284025,-0.1118187,-0.070056,-0.00064075,0.0194689,-0.1258532,0.29755,-0.1171434,-0.073392,-0.000669875,0.02035385,-0.1315738,0.311075,-0.1224681,-0.076728,-0.000699,0.0212388,-0.1372944,0.3246,-0.1277928,-0.080064,-0.000728125,0.02212375,-0.143015,0.338125,-0.1331175,-0.0834,-0.00075725,0.0230087,-0.1487356,0.35165,-0.1384422,-0.086736,-0.000786375,0.02389365,-0.1544562,0.365175,-0.1437669,-0.090072,-0.0008155,0.0247786,-0.1601768,0.3787,-0.1490916,-0.093408,-0.000844625,0.02566355,-0.1658974,0.392225,-0.1544163,-0.096744,-0.00087375,0.0265485,-0.171618,0.40575,-0.159741,-0.10008,-0.000902875,0.02743345,-0.1773386,0.419275,-0.1650657,-0.103416,-0.000932,0.0283184,-0.1830592,0.4328,-0.1703904,-0.106752,-0.000961125,0.02920335,-0.1887798,0.446325,-0.1757151,-0.110088,-0.00099025,0.0300883,-0.1945004,0.45985,-0.1810398,-0.113424,-0.001019375,0.03097325,-0.200221,0.473375,-0.1863645,-0.11676,-0.0010485,0.0318582,-0.2059416,0.4869,-0.1916892,-0.120096,-0.001077625,0.03274315,-0.2116622,0.500425,-0.1970139,-0.123432,-0.00110675,0.0336281,-0.2173828,0.51395,-0.2023386,-0.126768,-0.001135875,0.03451305,-0.2231034,0.527475,-0.2076633,-0.130104,-0.001165,0.035398,-0.228824,0.541,-0.212988,-0.13344,-0.001194125,0.03628295,-0.2345446,0.554525,-0.2183127,-0.136776,-0.00122325,0.0371679,-0.2402652,0.56805,-0.2236374,-0.140112,-0.001252375,0.03805285,-0.2459858,0.581575,-0.2289621,-0.143448,-0.0012815,0.0389378,-0.2517064,0.5951,-0.2342868,-0.146784,-0.001310625,0.03982275,-0.257427,0.608625,-0.2396115,-0.15012,-0.00133975,0.0407077,-0.2631476,0.62215,-0.2449362,-0.153456,-0.001368875,0.04159265,-0.2688682,0.635675,-0.2502609,-0.156792,-0.001398,0.0424776,-0.2745888,0.6492,-0.2555856,-0.160128,-0.001427125,0.04336255,-0.2803094,0.662725,-0.2609103,-0.163464,-0.00145625,0.0442475,-0.28603,0.67625,-0.266235,-0.1668,-0.001485375,0.04513245,-0.2917506,0.689775,-0.2715597,-0.170136,-0.0015145,0.0460174,-0.2974712,0.7033,-0.2768844,-0.173472,-0.001543625,0.04690235,-0.3031918,0.716825,-0.2822091,-0.176808,-0.00157275,0.0477873,-0.3089124,0.73035,-0.2875338,-0.180144,-0.001601875,0.04867225,-0.314633,0.743875,-0.2928585,-0.18348,-0.001631,0.0495572,-0.3203536,0.7574,-0.2981832,-0.186816,-0.001660125,0.05044215,-0.3260742,0.770925,-0.3035079,-0.190152,-0.00168925,0.0513271,-0.3317948,0.78445,-0.3088326,-0.193488,-0.001718375,0.05221205,-0.3375154,0.797975,-0.3141573,-0.196824,-0.0017475,0.053097,-0.343236,0.8115,-0.319482,-0.20016,-0.001776625,0.05398195,-0.3489566,0.825025,-0.3248067,-0.203496,-0.00180575,0.0548669,-0.3546772,0.83855,-0.3301314,-0.206832,-0.001834875,0.05575185,-0.3603978,0.852075,-0.3354561,-0.210168,-0.001864,0.0566368,-0.3661184,0.8656,-0.3407808,-0.213504,-0.001893125,0.05752175,-0.371839,0.879125,-0.3461055,-0.21684,-0.00192225,0.0584067,-0.3775596,0.89265,-0.3514302,-0.220176,-0.001951375,0.05929165,-0.3832802,0.906175,-0.3567549,-0.223512,-0.0019805,0.0601766,-0.3890008,0.9197,-0.3620796,-0.226848,-0.002009625,0.06106155,-0.3947214,0.933225,-0.3674043,-0.230184,-0.00203875,0.0619465,-0.400442,0.94675,-0.372729,-0.23352,-0.002067875,0.06283145,-0.4061626,0.960275,-0.3780537,-0.236856,-0.002097,0.0637164,-0.4118832,0.9738,-0.3833784,-0.240192,-0.002126125,0.06460135,-0.4176038,0.987325,-0.3887031,-0.243528,-0.00215525,0.0654863,-0.4233244,1.00085,-0.3940278,-0.246864,-0.002184375,0.06637125,-0.429045,1.014375,-0.3993525,-0.2502,-0.0022135,0.0672562,-0.4347656,1.0279,-0.4046772,-0.253536,-0.002242625,0.06814115,-0.4404862,1.041425,-0.4100019,-0.256872,-0.00227175,0.0690261,-0.4462068,1.05495,-0.4153266,-0.260208,-0.002300875,0.06991105,-0.4519274,1.068475,-0.4206513,-0.263544,-0.00233,0.070796,-0.457648,1.082,-0.425976,-0.26688,-0.002359125,0.07168095,-0.4633686,1.095525,-0.4313007,-0.270216,-0.00238825,0.0725659,-0.4690892,1.10905,-0.4366254,-0.273552,-0.002417375,0.07345085,-0.4748098,1.122575,-0.4419501,-0.276888,-0.0024465,0.0743358,-0.4805304,1.1361,-0.4472748,-0.280224,-0.002475625,0.07522075,-0.486251,1.149625,-0.4525995,-0.28356,-0.00250475,0.0761057,-0.4919716,1.16315,-0.4579242,-0.286896,-0.002533875,0.07699065,-0.4976922,1.176675,-0.4632489,-0.290232,-0.002563,0.0778756,-0.5034128,1.1902,-0.4685736,-0.293568,-0.002592125,0.07876055,-0.5091334,1.203725,-0.4738983,-0.296904,-0.00262125,0.0796455,-0.514854,1.21725,-0.479223,-0.30024,-0.002650375,0.08053045,-0.5205746,1.230775,-0.4845477,-0.303576,-0.0026795,0.0814154,-0.5262952,1.2443,-0.4898724,-0.306912,-0.002708625,0.08230035,-0.5320158,1.257825,-0.4951971,-0.310248,-0.00273775,0.0831853,-0.5377364,1.27135,-0.5005218,-0.313584,-0.002766875,0.08407025,-0.543457,1.284875,-0.5058465,-0.31692,-0.002796,0.0849552,-0.5491776,1.2984,-0.5111712,-0.320256,-0.002825125,0.08584015,-0.5548982,1.311925,-0.5164959,-0.323592,-0.00285425,0.0867251,-0.5606188,1.32545,-0.5218206,-0.326928,-0.002883375,0.08761005,-0.5663394,1.338975,-0.5271453,-0.330264,-0.0029125,0.088495,-0.57206,1.3525,-0.53247,-0.3336,-0.002941625,0.08937995,-0.5777806,1.366025,-0.5377947,-0.336936,-0.00297075,0.0902649,-0.5835012,1.37955,-0.5431194,-0.340272,-0.002999875,0.09114985,-0.5892218,1.393075,-0.5484441,-0.343608,-0.003029,0.0920348,-0.5949424,1.4066,-0.5537688,-0.346944,-0.003058125,0.09291975,-0.600663,1.420125,-0.5590935,-0.35028,-0.00308725,0.0938047,-0.6063836,1.43365,-0.5644182,-0.353616,-0.003116375,0.09468965,-0.6121042,1.447175,-0.5697429,-0.356952,-0.0031455,0.0955746,-0.6178248,1.4607,-0.5750676,-0.360288,-0.003174625,0.09645955,-0.6235454,1.474225,-0.5803923,-0.363624,-0.00320375,0.0973445,-0.629266,1.48775,-0.585717,-0.36696,-0.003232875,0.09822945,-0.6349866,1.501275,-0.5910417,-0.370296,-0.003262,0.0991144,-0.6407072,1.5148,-0.5963664,-0.373632,-0.003291125,0.09999935,-0.6464278,1.528325,-0.6016911,-0.376968,-0.00332025,0.1008843,-0.6521484,1.54185,-0.6070158,-0.380304,-0.003349375,0.10176925,-0.657869,1.555375,-0.6123405,-0.38364,-0.0033785,0.1026542,-0.6635896,1.5689,-0.6176652,-0.386976,-0.003407625,0.10353915,-0.6693102,1.582425,-0.6229899,-0.390312,-0.00343675,0.1044241,-0.6750308,1.59595,-0.6283146,-0.393648,-0.003465875,0.10530905,-0.6807514,1.609475,-0.6336393,-0.396984,-0.003495,0.106194,-0.686472,1.623,-0.638964,-0.40032,-0.003524125,0.10707895,-0.6921926,1.636525,-0.6442887,-0.403656,-0.00355325,0.1079639,-0.6979132,1.65005,-0.6496134,-0.406992,-0.003582375,0.10884885,-0.7036338,1.663575,-0.6549381,-0.410328,-0.0036115,0.1097338,-0.7093544,1.6771,-0.6602628,-0.413664,-0.003640625,0.11061875,-0.715075,1.690625,-0.6655875,-0.417,-0.00366975,0.1115037,-0.7207956,1.70415,-0.6709122,-0.420336,-0.003698875,0.11238865,-0.7265162,1.717675,-0.6762369,-0.423672

  if kShape == 0 then ; x2
   aout = a1 - ix2[klev][0] + ix2[klev][1]*a1 + ix2[klev][2]*a1*a1 + ix2[klev][3]*a1*a1*a1
  elseif kShape == 1 then ; x3
   aout = a1*a1 - ix3[klev][0] + ix3[klev][1]*a1 + ix3[klev][2]*a1*a1 + ix3[klev][3]*a1*a1*a1
  elseif kShape = 2 then  ; x4
   aout = a1*a1*a1 - ix4[klev][0] + ix4[klev][1]*a1 + ix4[klev][2]*a1*a1 + ix4[klev][3]*a1*a1*a1 + ix4[klev][4]*a1^4 + ix4[klev][5]*a1^5
  else            ; x5
   aout = a1^3.5 - ix5[klev][0] + ix5[klev][1]*a1 + ix5[klev][2]*a1*a1 + ix5[klev][3]*a1*a1*a1 + ix5[klev][4]*a1^4 + ix5[klev][5]*a1^5
  endif
    zaw aout*kOn,ko
endop
