0
0.008
0.016
0.023
0.031
0.039
0.047
0.055
0.063
0.07
0.078
0.086
0.094
0.102
0.109
0.117
0.125
0.133
0.141
0.148
0.156
0.164
0.172
0.18
0.188
0.195
0.203
0.211
0.219
0.227
0.234
0.242
0.25
0.258
0.266
0.273
0.281
0.289
0.297
0.305
0.313
0.32
0.328
0.336
0.344
0.352
0.359
0.367
0.375
0.383
0.391
0.398
0.406
0.414
0.422
0.43
0.438
0.445
0.453
0.461
0.469
0.477
0.484
0.492
0.5
0.508
0.516
0.523
0.531
0.539
0.547
0.555
0.563
0.57
0.578
0.586
0.594
0.602
0.609
0.617
0.625
0.633
0.641
0.648
0.656
0.664
0.672
0.68
0.688
0.695
0.703
0.711
0.719
0.727
0.734
0.742
0.75
0.758
0.766
0.773
0.781
0.789
0.797
0.805
0.813
0.82
0.828
0.836
0.844
0.852
0.859
0.867
0.875
0.883
0.891
0.898
0.906
0.914
0.922
0.93
0.938
0.945
0.953
0.961
0.969
0.977
0.984
1
