0.01
21.3
42.5
63.8
85.1
106
128
149
170
191
213
234
255
276
298
319
340
361
383
404
425
446
468
489
510
532
553
574
595
617
638
659
680
702
723
744
765
787
808
829
850
872
893
915
935
957
978
999
1021
1042
1063
1084
1106
1127
1148
1169
1191
1212
1233
1254
1276
1297
1318
1339
1361
1382
1403
1424
1446
1467
1488
1509
1531
1552
1573
1595
1616
1637
1658
1680
1701
1722
1743
1765
1786
1807
1828
1850
1871
1892
1913
1935
1956
1977
1998
2020
2041
2062
2084
2105
2112
2147
2169
2190
2211
2232
2254
2275
2296
2317
2339
2360
2381
2402
2424
2445
2466
2487
2509
2530
2551
2573
2594
2615
2636
2658
2679
2700
