-50.0
-49.2
-48.4
-47.7
-46.9
-46.1
-45.3
-44.5
-43.8
-43.0
-42.2
-41.4
-40.6
-39.8
-39.1
-38.3
-37.5
-36.7
-35.9
-35.2
-34.4
-33.6
-32.8
-32.0
-31.3
-30.5
-29.7
-28.9
-28.1
-27.3
-26.6
-25.8
-25.0
-24.2
-23.4
-22.7
-21.9
-21.1
-20.3
-19.5
-18.8
-18.0
-17.2
-16.4
-15.6
-14.8
-14.1
-13.3
-12.5
-11.7
-10.9
-10.2
-9.4
-8.6
-7.8
-7.0
-6.3
-5.5
-4.7
-3.9
-3.1
-2.3
-1.6
-0.8
0.0
0.8
1.6
2.3
3.1
3.9
4.7
5.5
6.3
7.0
7.8
8.6
9.4
10.2
10.9
11.7
12.5
13.3
14.1
14.8
15.6
16.4
17.2
18.0
18.8
19.5
20.3
21.1
21.9
22.7
23.4
24.2
25.0
25.8
26.6
27.3
28.1
28.9
29.7
30.5
31.3
32.0
32.8
33.6
34.4
35.2
35.9
36.7
37.5
38.3
39.1
39.8
40.6
41.4
42.2
43.0
43.7
44.5
45.3
46.1
46.9
47.7
48.4
49.2
