Fast
0.53
0.56
0.6
0.64
0.67
0.72
0.76
0.81
0.86
0.91
0.97
1.03
1.09
1.16
1.23
1.3
1.38
1.47
1.56
1.66
1.76
1.87
1.98
2.1
2.23
2.37
2.52
2.67
2.84
3.01
3.2
3.39
3.6
3.83
4.06
4.31
4.58
4.86
5.16
5.48
5.82
6.18
6.56
6.96
7.39
7.85
8.33
8.84
9.39
9.97
10.6
11.2
11.9
12.7
13.4
14.3
15.2
16.1
17.1
18.1
19.3
20.4
21.7
23
24.5
26
27.6
29.3
31.1
33
35
37.2
39.5
41.9
44.5
47.3
50.2
53.3
56.5
60
63.7
67.7
71.8
76.3
81
86
91.3
96.9
103
109
116
123
131
139
147
156
166
176
187
199
211
224
238
253
268
285
302
321
341
362
384
408
433
459
488
518
550
584
620
659
699
742
787
837
888
942
1000
