0
0.8
1.6
2.3
3.1
3.9
4.7
5.5
6.3
7
7.8
8.6
9.4
10.2
10.9
11.7
12.5
13.3
14.1
14.8
15.6
16.4
17.2
18
18.8
19.5
20.3
21.1
21.9
22.7
23.4
24.2
25
25.8
26.6
27.3
28.1
28.9
29.7
30.5
31.3
32
32.8
33.6
34.4
35.2
35.9
36.7
37.5
38.3
39.1
39.8
40.6
41.4
42.2
43
43.8
44.5
45.3
46.1
46.9
47.7
48.4
49.2
50
50.8
51.6
52.3
53.1
53.9
54.7
55.5
56.3
57
57.8
58.6
59.4
60.2
60.9
61.7
62.5
63.3
64.1
64.8
65.6
66.4
67.2
68
68.8
69.5
70.3
71.1
71.9
72.7
73.4
74.2
75
75.8
76.6
77.3
78.1
78.9
79.7
80.5
81.3
82
82.8
83.6
84.4
85.2
85.9
86.7
87.5
88.3
89.1
89.8
90.6
91.4
92.2
93
93.8
94.5
95.3
96.1
96.9
97.7
98.4
100
