0
0.01
0.02
0.03
0.04
0.05
0.06
0.07
0.08
0.09
0.1
0.11
0.13
0.14
0.15
0.16
0.17
0.18
0.19
0.2
0.21
0.22
0.23
0.24
0.25
0.26
0.27
0.28
0.29
0.3
0.31
0.32
0.33
0.34
0.35
0.37
0.38
0.39
0.41
0.42
0.44
0.45
0.47
0.48
0.5
0.52
0.54
0.55
0.57
0.59
0.62
0.64
0.66
0.68
0.71
0.73
0.76
0.78
0.81
0.84
0.87
0.9
0.93
0.97
1
1.02
1.04
1.07
1.09
1.11
1.14
1.16
1.19
1.22
1.24
1.27
1.3
1.33
1.35
1.38
1.41
1.45
1.48
1.51
1.54
1.58
1.61
1.65
1.68
1.72
1.76
1.79
1.83
1.87
1.92
1.96
2
2.05
2.09
2.14
2.19
2.24
2.29
2.34
2.39
2.45
2.5
2.56
2.62
2.67
2.74
2.8
2.86
2.92
2.99
3.06
3.13
3.2
3.27
3.34
3.42
3.5
3.58
3.66
3.74
3.83
3.91
4
