0.5
0.59
0.67
0.76
0.87
0.98
1.11
1.25
1.4
1.57
1.75
1.95
2.17
2.41
2.66
2.94
3.25
3.57
3.92
4.3
4.71
5.15
5.62
6.12
6.66
7.24
7.85
8.51
9.21
9.96
10.7
11.6
12.5
13.4
14.4
15.5
16.6
17.8
19.1
20.4
21.8
23.3
24.9
26.5
28.2
30
32
34
36.1
38.3
40.6
43
45.5
48.2
51
53.9
56.9
60.1
63.4
66.8
70.4
74.2
78.1
82.2
86.4
90.9
95.5
100
105
110
116
121
127
133
139
146
153
160
167
174
182
190
198
207
216
225
234
244
254
265
275
286
298
310
322
335
348
361
375
389
404
419
434
450
467
484
501
519
534
556
576
596
616
638
659
682
705
728
752
777
802
828
855
883
911
940
970
1000
