-INF
-42.1
-36.1
-32.5
-30
-28.1
-26.5
-25.2
-24
-23
-22.1
-21.2
-20.5
-19.8
-19.2
-18.6
-18
-17.5
-17
-16.5
-16.1
-15.6
-15.2
-14.8
-14.5
-14.1
-13.8
-13.4
-13.1
-12.8
-12.5
-12.2
-12
-11.7
-11.4
-11.2
-11
-10.7
-10.5
-10.3
-10
-9.8
-9.6
-9.4
-9.2
-9
-8.8
-8.6
-8.5
-8.3
-8.1
-7.9
-7.8
-7.6
-7.4
-7.3
-7.1
-7
-6.8
-6.7
-6.5
-6.4
-6.2
-6.1
-6
-5.8
-5.7
-5.6
-5.4
-5.3
-5.2
-5.1
-4.9
-4.8
-4.7
-4.6
-4.5
-4.3
-4.2
-4.1
-4
-3.9
-3.8
-3.7
-3.6
-3.5
-3.4
-3.3
-3.2
-3.1
-3
-2.9
-2.8
-2.7
-2.6
-2.5
-2.4
-2.3
-2.3
-2.2
-2.1
-2
-1.9
-1.8
-1.7
-1.7
-1.6
-1.5
-1.4
-1.3
-1.2
-1.2
-1.1
-1
-0.9
-0.9
-0.8
-0.7
-0.6
-0.6
-0.5
-0.4
-0.3
-0.3
-0.2
-0.1
-0.1
0
