0
0.370787566
0.373718675
0.376672959
0.379650594
0.38265177
0.385676667
0.388725481
0.391798395
0.394895597
0.398017287
0.40116365
0.404334889
0.407531194
0.410752761
0.413999795
0.417272539
0.420571112
0.423895761
0.427246692
0.430624112
0.43402823
0.437459259
0.440917454
0.444402942
0.447915984
0.451456796
0.455025599
0.458622613
0.462248109
0.465902218
0.469585213
0.473297322
0.477038776
0.480809806
0.484610696
0.488441583
0.492302753
0.496194446
0.500116904
0.504070369
0.508055086
0.512071354
0.51611932
0.520199285
0.524311503
0.528456228
0.532633718
0.536844284
0.541088082
0.545365427
0.549676586
0.554021824
0.558401411
0.562815676
0.56726478
0.571749054
0.576268777
0.580824229
0.585415692
0.59004345
0.594707851
0.599409065
0.604147443
0.608923278
0.613736866
0.618588506
0.623478561
0.628407209
0.63337482
0.638381699
0.643428158
0.64851451
0.653641071
0.658808222
0.664016155
0.669265257
0.674555853
0.679888272
0.685262844
0.690679972
0.696139853
0.701642896
0.70718944
0.71277983
0.718414413
0.72409361
0.729817629
0.735586896
0.741401771
0.747262612
0.753169784
0.759123652
0.765124663
0.771173036
0.777269222
0.783413598
0.789606546
0.795848451
0.802139778
0.808480758
0.814871864
0.821313493
0.827806043
0.834349917
0.840945605
0.847593349
0.854293643
0.861046904
0.86785355
0.874714003
0.881628688
0.888598124
0.895622564
0.902702534
0.909838471
0.917030818
0.924280021
0.931586623
0.938950891
0.946373375
0.953854533
0.961394831
0.968994736
0.976654816
0.984375351
0.992156919
1
