0
0.787401575
1.57480315
2.362204724
3.149606299
3.937007874
4.724409449
5.511811024
6.299212598
7.086614173
7.874015748
8.661417323
9.448818898
10.23622047
11.02362205
11.81102362
12.5984252
13.38582677
14.17322835
14.96062992
15.7480315
16.53543307
17.32283465
18.11023622
18.8976378
19.68503937
20.47244094
21.25984252
22.04724409
22.83464567
23.62204724
24.40944882
25.19685039
25.98425197
26.77165354
27.55905512
28.34645669
29.13385827
29.92125984
30.70866142
31.49606299
32.28346457
33.07086614
33.85826772
34.64566929
35.43307087
36.22047244
37.00787402
37.79527559
38.58267717
39.37007874
40.15748031
40.94488189
41.73228346
42.51968504
43.30708661
44.09448819
44.88188976
45.66929134
46.45669291
47.24409449
48.03149606
48.81889764
49.60629921
50.39370079
51.18110236
51.96850394
52.75590551
53.54330709
54.33070866
55.11811024
55.90551181
56.69291339
57.48031496
58.26771654
59.05511811
59.84251969
60.62992126
61.41732283
62.20472441
62.99212598
63.77952756
64.56692913
65.35433071
66.14173228
66.92913386
67.71653543
68.50393701
69.29133858
70.07874016
70.86614173
71.65354331
72.44094488
73.22834646
74.01574803
74.80314961
75.59055118
76.37795276
77.16535433
77.95275591
78.74015748
79.52755906
80.31496063
81.1023622
81.88976378
82.67716535
83.46456693
84.2519685
85.03937008
85.82677165
86.61417323
87.4015748
88.18897638
88.97637795
89.76377953
90.5511811
91.33858268
92.12598425
92.91338583
93.7007874
94.48818898
95.27559055
96.06299213
96.8503937
97.63779528
98.42519685
99.21259843
100
