0.01
0.8
1.59
2.39
3.18
3.97
4.76
5.55
6.34
7.14
7.93
8.72
9.51
10.3
11.1
11.9
12.7
13.5
14.3
15.1
15.8
16.6
17.4
18.2
19
19.8
20.6
21.4
22.2
23
23.8
24.6
25.3
26.1
26.9
27.7
28.5
29.3
30.1
30.9
31.7
32.5
33.3
34.1
34.8
35.6
36.4
37.2
38
38.8
39.6
40.4
41.2
42
42.8
43.6
44.3
45.1
45.9
46.7
47.5
48.3
49.1
49.9
50.7
51.5
52.3
53.1
53.8
54.6
55.4
56.2
57
57.8
58.6
59.4
60.2
61
61.8
62.6
63.3
64.1
64.9
65.7
66.5
67.3
68.1
68.9
69.7
70.5
71.3
72.1
72.8
73.6
74.4
75.2
76
76.8
77.6
78.4
79.2
80
80.8
81.6
82.3
83.1
83.9
84.7
85.5
86.3
87.1
87.9
88.7
89.5
90.3
91.1
91.8
92.6
93.4
94.2
95
95.8
96.6
97.4
98.2
99
99.8
101
