0.01
0.21
0.41
0.6
0.8
1
1.2
1.4
1.59
1.79
1.99
2.19
2.39
2.58
2.78
2.98
3.18
3.38
3.57
3.77
3.97
4.17
4.36
4.56
4.76
4.96
5.16
5.35
5.55
5.75
5.95
6.15
6.34
6.54
6.74
6.94
7.14
7.33
7.53
7.73
7.93
8.13
8.32
8.52
8.72
8.92
9.11
9.31
9.51
9.71
9.91
10.1
10.3
10.5
10.7
10.9
11.1
11.3
11.5
11.7
11.9
12.1
12.3
12.5
12.7
12.9
13.1
13.3
13.5
13.7
13.9
14.1
14.3
14.5
14.7
14.9
15.1
15.3
15.4
15.6
15.8
16
16.2
16.4
16.6
16.8
17
17.2
17.4
17.6
17.8
18
18.2
18.4
18.6
18.8
19
19.2
19.4
19.6
19.8
20
20.2
20.4
20.6
20.8
21
21.2
21.4
21.6
21.8
22
22.2
22.4
22.6
22.8
23
23.2
23.4
23.6
23.8
24
24.2
24.4
24.6
24.7
24.9
25.1
