0.01
7.89
15.8
23.6
31.5
39.4
47.3
55.1
63
70.9
78.8
86.6
94.5
102
110
118
126
134
142
150
158
165
173
181
189
197
205
213
221
228
236
244
252
260
268
276
284
291
299
307
315
323
331
339
347
354
362
370
378
386
394
402
410
417
425
433
441
449
457
465
473
480
488
496
504
512
520
528
536
543
551
559
567
575
583
591
599
606
614
622
630
638
646
654
662
669
677
685
693
701
709
717
725
732
740
748
756
764
772
780
788
795
803
811
819
827
835
843
851
858
866
874
882
890
898
906
914
921
929
937
945
953
961
969
977
984
992
1000
