0.01
15.8
31.5
47.3
63
78.8
94.5
110
126
142
158
173
189
205
221
236
252
268
284
299
315
331
347
362
378
394
410
425
441
457
473
488
504
520
536
551
567
583
599
614
630
646
662
677
693
709
725
740
756
772
788
803
819
835
851
866
882
898
914
929
945
961
977
992
1008
1024
1040
1055
1071
1087
1103
1118
1134
1150
1166
1181
1197
1213
1229
1244
1260
1276
1292
1307
1323
1339
1355
1370
1386
1402
1418
1433
1449
1465
1481
1496
1512
1528
1544
1559
1575
1591
1607
1622
1638
1654
1670
1685
1701
1717
1733
1748
1764
1780
1796
1811
1827
1843
1859
1874
1890
1906
1922
1937
1953
1969
1985
2000
