13.75
14.57
15.43
16.35
17.32
18.35
19.45
20.6
21.83
23.12
24.5
25.96
27.5
29.14
30.87
32.7
34.65
36.71
38.89
41.2
43.65
46.25
49
51.91
55
58.27
61.74
65.41
69.3
73.42
77.78
82.41
87.31
92.5
98
103.8
110
116.5
123.5
130.8
138.6
146.8
155.6
164.8
174.6
185
196
207.7
220
233.1
246.9
261.6
277.2
293.7
311.1
329.6
349.2
370
392
415.3
440
466.2
493.9
523.3
554.4
587.3
622.3
659.3
698.5
740
784
830.6
880
932.3
987.8
1050
1110
1170
1240
1320
1400
1480
1570
1660
1760
1860
1980
2090
2220
2350
2490
2640
2790
2960
3140
3320
3520
3730
3950
4190
4430
4700
4980
5270
5590
5920
6270
6640
7040
7460
7900
8370
8870
9400
9960
10500
11200
11800
12500
13300
14100
14900
15800
16700
17700
18800
19900
21100
