0.2
0.3
0.4
0.5
0.6
0.8
0.9
1
1.2
1.4
1.6
1.7
2
2.2
2.4
2.6
2.9
3.1
3.4
3.7
4
4.3
4.6
4.9
5.3
5.6
6
6.3
6.7
7.1
7.5
7.9
8.4
8.8
9.3
9.7
10.2
10.7
11.2
11.7
12.2
12.7
13.3
13.8
14.4
14.9
15.5
16.1
16.7
17.4
18
18.6
19.3
19.9
20.6
21.3
22
22.7
23.4
24.1
24.9
25.6
26.4
27.2
28
28.8
29.6
30.4
31.2
32.1
32.9
33.8
34.6
35.5
36.4
37.3
38.3
39.2
40.1
41.1
42
43
44
45
46
47
48.1
49.1
50.2
51.2
52.3
53.4
54.5
55.6
56.7
57.9
59
60.2
61.3
62.5
63.7
64.9
66.1
67.3
68.6
69.8
71.1
72.3
73.6
74.9
76.2
77.5
78.8
80.2
81.5
82.9
84.2
85.6
87
88.4
89.8
91.2
92.7
94.1
95.6
97
98.5
100
