10
10.5
10.9
11.4
12
12.5
13.1
13.7
14.3
15
15.7
16.4
17.1
17.9
18.8
19.6
20.5
21.5
22.4
23.5
24.6
25.7
26.9
28.1
29.4
30.7
32.1
33.6
35.2
36.8
38.5
40.2
42.1
44
46
48.2
50.4
52.7
55.1
57.6
60.3
63.1
66
69
72.2
75.5
78.9
82.6
86.3
90.3
94.5
98.8
103
108
113
118
124
129
135
142
148
155
162
169
177
185
194
203
212
222
232
243
254
265
278
291
304
318
332
347
363
380
398
416
435
455
476
498
521
545
570
596
624
652
682
713
747
780
816
854
894
934
977
1020
1070
1120
1170
1220
1280
1340
1400
1460
1530
1600
1680
1760
1840
1920
2010
2100
2200
2300
2410
2520
2630
2760
2870
3000
